------
rightVec_1_0
{
[0]
[500]
[1000]
[0]
[0]
[500]
[1000]
[500]
[1000]
[0]
[0]
[500]
[1000]
[500]
[1000]
[0]
[0]
[0]
[0]
[500]
[1000]
[500]
[1000]
[500]
[1000]
[500]
[1000]
}
------
rightVec_1_1
{
[x_v1_1]
[500]
[1000]
[x_v1_1]
[x_v1_1]
[500]
[1000]
[500]
[1000]
[x_v1_1]
[x_v1_1]
[500]
[1000]
[500]
[1000]
[x_v1_1]
[x_v1_1]
[x_v1_1]
[x_v1_1]
[500]
[1000]
[500]
[1000]
[500]
[1000]
[500]
[1000]
}
------
rightVec_1_2
{
[500]
[500]
[500]
[500]
[500]
[500]
[500]
[500]
[500]
[500]
[500]
[500]
[500]
[500]
[500]
[500]
[500]
[500]
[500]
[500]
[500]
[500]
[500]
[500]
[500]
[500]
[500]
}
------
rightVec_1_3
{
[500]
[500]
[500]
[500]
[500]
[500]
[500]
[500]
[500]
[500]
[500]
[500]
[500]
[500]
[500]
[500]
[500]
[500]
[500]
[500]
[500]
[500]
[500]
[500]
[500]
[500]
[500]
}
------
rightVec_1_4
{
[0]
[500]
[1000]
[0]
[0]
[500]
[1000]
[500]
[1000]
[0]
[0]
[500]
[1000]
[500]
[1000]
[0]
[0]
[0]
[0]
[500]
[1000]
[500]
[1000]
[500]
[1000]
[500]
[1000]
}
------
rightVec_1_5
{
[x_v1_5]
[x_v1_1, 500]
[x_v1_1, 1000]
[x_v1_1, 400]
[x_v1_1, 400]
[500]
[1000]
[500]
[1000]
[x_v1_5, x_v1_1, 800]
[x_v1_5, x_v1_1, 300]
[x_v1_1, 500]
[x_v1_1, 1000]
[x_v1_1, 500]
[x_v1_1, 1000]
[x_v1_1, 400]
[x_v1_1, 400]
[x_v1_1, 400]
[x_v1_1, 400]
[500]
[1000]
[500]
[1000]
[500]
[1000]
[500]
[1000]
}
------
rightVec_1_6
{
[500]
[500]
[500]
[500]
[500]
[500]
[500]
[500]
[500]
[500]
[500]
[500]
[500]
[500]
[500]
[500]
[500]
[500]
[500]
[500]
[500]
[500]
[500]
[500]
[500]
[500]
[500]
}
------
rightVec_1_7
{
[x_v1_1, 500]
[x_v1_1, 500]
[x_v1_1, 500]
[500]
[500]
[500]
[500]
[500]
[500]
[x_v1_1, 500]
[x_v1_1, 500]
[x_v1_1, 500]
[x_v1_1, 500]
[x_v1_1, 500]
[x_v1_1, 500]
[500]
[500]
[500]
[500]
[500]
[500]
[500]
[500]
[500]
[500]
[500]
[500]
}
------
rightVec_1_8
{
[0]
[500]
[1000]
[0]
[0]
[500]
[1000]
[500]
[1000]
[0]
[0]
[500]
[1000]
[500]
[1000]
[0]
[0]
[0]
[0]
[500]
[1000]
[500]
[1000]
[500]
[1000]
[500]
[1000]
}
------
rightVec_1_9
{
[x_v1_1]
[500]
[1000]
[x_v1_1]
[x_v1_1]
[500]
[1000]
[500]
[1000]
[x_v1_1]
[x_v1_1]
[500]
[1000]
[500]
[1000]
[x_v1_1]
[x_v1_1]
[x_v1_1]
[x_v1_1]
[500]
[1000]
[500]
[1000]
[500]
[1000]
[500]
[1000]
}
------
rightVec_1_10
{
[500]
[500]
[500]
[500]
[500]
[500]
[500]
[500]
[500]
[500]
[500]
[500]
[500]
[500]
[500]
[500]
[500]
[500]
[500]
[500]
[500]
[500]
[500]
[500]
[500]
[500]
[500]
}
------
rightVec_1_11
{
[500]
[500]
[500]
[500]
[500]
[500]
[500]
[500]
[500]
[500]
[500]
[500]
[500]
[500]
[500]
[500]
[500]
[500]
[500]
[500]
[500]
[500]
[500]
[500]
[500]
[500]
[500]
}
------
rightVec_1_12
{
[0]
[500]
[1000]
[0]
[0]
[500]
[1000]
[500]
[1000]
[0]
[0]
[500]
[1000]
[500]
[1000]
[0]
[0]
[0]
[0]
[500]
[1000]
[500]
[1000]
[500]
[1000]
[500]
[1000]
}
------
rightVec_1_13
{
[x_v1_1, 400]
[500]
[1000]
[x_v1_1, 400]
[x_v1_1, 400]
[500]
[1000]
[500]
[1000]
[x_v1_1, 400]
[x_v1_1, 400]
[500]
[1000]
[500]
[1000]
[x_v1_1, 400]
[x_v1_1, 400]
[x_v1_1, 400]
[x_v1_1, 400]
[500]
[1000]
[500]
[1000]
[500]
[1000]
[500]
[1000]
}
------
rightVec_1_14
{
[500]
[500]
[500]
[500]
[500]
[500]
[500]
[500]
[500]
[500]
[500]
[500]
[500]
[500]
[500]
[500]
[500]
[500]
[500]
[500]
[500]
[500]
[500]
[500]
[500]
[500]
[500]
}
------
rightVec_1_15
{
[500]
[500]
[500]
[500]
[500]
[500]
[500]
[500]
[500]
[500]
[500]
[500]
[500]
[500]
[500]
[500]
[500]
[500]
[500]
[500]
[500]
[500]
[500]
[500]
[500]
[500]
[500]
}
------
rightVec_1_16
{
[0]
[500]
[1000]
[0]
[0]
[500]
[1000]
[500]
[1000]
[0]
[0]
[500]
[1000]
[500]
[1000]
[0]
[0]
[0]
[0]
[500]
[1000]
[500]
[1000]
[500]
[1000]
[500]
[1000]
}
------
rightVec_1_17
{
[x_v1_17]
[x_v1_1, 500]
[x_v1_1, 1000]
[x_v1_1, x_v1_17, 400]
[x_v1_1, x_v1_17, 400]
[x_v1_1, 500]
[x_v1_1, 1000]
[x_v1_1, 500]
[x_v1_1, 1000]
[x_v1_1, 800]
[x_v1_1, 300]
[500]
[1000]
[500]
[1000]
[x_v1_1, 400]
[x_v1_1, 400]
[x_v1_1, 400]
[x_v1_1, 400]
[500]
[1000]
[500]
[1000]
[500]
[1000]
[500]
[1000]
}
------
rightVec_1_18
{
[500]
[500]
[500]
[500]
[500]
[500]
[500]
[500]
[500]
[500]
[500]
[500]
[500]
[500]
[500]
[500]
[500]
[500]
[500]
[500]
[500]
[500]
[500]
[500]
[500]
[500]
[500]
}
------
rightVec_1_19
{
[x_v1_1, 500]
[x_v1_1, 500]
[x_v1_1, 500]
[x_v1_1, 500]
[x_v1_1, 500]
[x_v1_1, 500]
[x_v1_1, 500]
[x_v1_1, 500]
[x_v1_1, 500]
[500]
[500]
[500]
[500]
[500]
[500]
[500]
[500]
[500]
[500]
[500]
[500]
[500]
[500]
[500]
[500]
[500]
[500]
}
------
rightVec_1_20
{
[0]
[0, 0, 500]
[0, 0, 1000]
[0, 0]
[0, 0]
[500, 500]
[1000, 1000]
[500, 500]
[1000, 1000]
[0, 0]
[0, 0]
[500, 500]
[1000, 1000]
[500, 500]
[1000, 1000]
[0]
[0]
[0]
[0]
[500]
[1000]
[500]
[1000]
[500]
[1000]
[500]
[1000]
}
------
rightVec_1_21
{
[x_v1_21]
[x_v1_5, x_v1_17, 500]
[x_v1_5, x_v1_17, 1000]
[x_v1_5, x_v1_17, 400]
[x_v1_5, x_v1_17, 400]
[x_v1_1, 500, 500]
[x_v1_1, 1000, 1000]
[x_v1_1, 500, 500]
[x_v1_1, 1000, 1000]
[x_v1_5, x_v1_17, 800]
[x_v1_5, x_v1_17, 300]
[x_v1_1, 500, 500]
[x_v1_1, 1000, 1000]
[x_v1_1, 500, 500]
[x_v1_1, 1000, 1000]
[x_v1_1, 800, 400]
[x_v1_1, 800, 400]
[x_v1_1, 300, 400]
[x_v1_1, 300, 400]
[500]
[1000]
[500]
[1000]
[500]
[1000]
[500]
[1000]
}
------
rightVec_1_22
{
[0, 0, 500]
[0, 0, 500]
[0, 0, 500]
[500, 500]
[500, 500]
[500, 500]
[500, 500]
[500, 500]
[500, 500]
[500, 500]
[500, 500]
[500, 500]
[500, 500]
[500, 500]
[500, 500]
[500]
[500]
[500]
[500]
[500]
[500]
[500]
[500]
[500]
[500]
[500]
[500]
}
------
rightVec_1_23
{
[x_v1_5, x_v1_17, 500]
[x_v1_5, x_v1_17, 500]
[x_v1_5, x_v1_17, 500]
[x_v1_1, 500, 500]
[x_v1_1, 500, 500]
[x_v1_1, 500, 500]
[x_v1_1, 500, 500]
[x_v1_1, 500, 500]
[x_v1_1, 500, 500]
[x_v1_1, 500, 500]
[x_v1_1, 500, 500]
[x_v1_1, 500, 500]
[x_v1_1, 500, 500]
[x_v1_1, 500, 500]
[x_v1_1, 500, 500]
[500]
[500]
[500]
[500]
[500]
[500]
[500]
[500]
[500]
[500]
[500]
[500]
}
------
rightVec_1_24
{
[0]
[500]
[1000]
[0]
[0]
[500]
[1000]
[500]
[1000]
[0]
[0]
[500]
[1000]
[500]
[1000]
[0]
[0]
[0]
[0]
[500]
[1000]
[500]
[1000]
[500]
[1000]
[500]
[1000]
}
------
rightVec_1_25
{
[x_v1_1, x_v1_17, 400]
[x_v1_1, 500]
[x_v1_1, 1000]
[x_v1_1, x_v1_17, 400]
[x_v1_1, x_v1_17, 400]
[x_v1_1, 500]
[x_v1_1, 1000]
[x_v1_1, 500]
[x_v1_1, 1000]
[x_v1_1, 400]
[x_v1_1, 400]
[500]
[1000]
[500]
[1000]
[x_v1_1, 400]
[x_v1_1, 400]
[x_v1_1, 400]
[x_v1_1, 400]
[500]
[1000]
[500]
[1000]
[500]
[1000]
[500]
[1000]
}
------
rightVec_1_26
{
[500]
[500]
[500]
[500]
[500]
[500]
[500]
[500]
[500]
[500]
[500]
[500]
[500]
[500]
[500]
[500]
[500]
[500]
[500]
[500]
[500]
[500]
[500]
[500]
[500]
[500]
[500]
}
------
rightVec_1_27
{
[x_v1_1, 500]
[x_v1_1, 500]
[x_v1_1, 500]
[x_v1_1, 500]
[x_v1_1, 500]
[x_v1_1, 500]
[x_v1_1, 500]
[x_v1_1, 500]
[x_v1_1, 500]
[500]
[500]
[500]
[500]
[500]
[500]
[500]
[500]
[500]
[500]
[500]
[500]
[500]
[500]
[500]
[500]
[500]
[500]
}
------
rightVec_1_28
{
[0, 0]
[500, 500]
[1000, 1000]
[0, 0]
[0, 0]
[500, 500]
[1000, 1000]
[500, 500]
[1000, 1000]
[0]
[0]
[500]
[1000]
[500]
[1000]
[0]
[0]
[0]
[0]
[500]
[1000]
[500]
[1000]
[500]
[1000]
[500]
[1000]
}
------
rightVec_1_29
{
[x_v1_5, x_v1_17, 400]
[x_v1_1, 500, 500]
[x_v1_1, 1000, 1000]
[x_v1_5, x_v1_17, 400]
[x_v1_5, x_v1_17, 400]
[x_v1_1, 500, 500]
[x_v1_1, 1000, 1000]
[x_v1_1, 500, 500]
[x_v1_1, 1000, 1000]
[x_v1_1, 800, 400]
[x_v1_1, 300, 400]
[500]
[1000]
[500]
[1000]
[x_v1_1, 800, 400]
[x_v1_1, 800, 400]
[x_v1_1, 300, 400]
[x_v1_1, 300, 400]
[500]
[1000]
[500]
[1000]
[500]
[1000]
[500]
[1000]
}
------
rightVec_1_30
{
[500, 500]
[500, 500]
[500, 500]
[500, 500]
[500, 500]
[500, 500]
[500, 500]
[500, 500]
[500, 500]
[500]
[500]
[500]
[500]
[500]
[500]
[500]
[500]
[500]
[500]
[500]
[500]
[500]
[500]
[500]
[500]
[500]
[500]
}
------
rightVec_1_31
{
[x_v1_1, 500, 500]
[x_v1_1, 500, 500]
[x_v1_1, 500, 500]
[x_v1_1, 500, 500]
[x_v1_1, 500, 500]
[x_v1_1, 500, 500]
[x_v1_1, 500, 500]
[x_v1_1, 500, 500]
[x_v1_1, 500, 500]
[500]
[500]
[500]
[500]
[500]
[500]
[500]
[500]
[500]
[500]
[500]
[500]
[500]
[500]
[500]
[500]
[500]
[500]
}
------
rightVec_1_32
{
[0]
[500]
[1000]
[0]
[0]
[500]
[1000]
[500]
[1000]
[0]
[0]
[500]
[1000]
[500]
[1000]
[0]
[0]
[0]
[0]
[500]
[1000]
[500]
[1000]
[500]
[1000]
[500]
[1000]
}
------
rightVec_1_33
{
[x_v1_1]
[500]
[1000]
[x_v1_1]
[x_v1_1]
[500]
[1000]
[500]
[1000]
[x_v1_1]
[x_v1_1]
[500]
[1000]
[500]
[1000]
[x_v1_1]
[x_v1_1]
[x_v1_1]
[x_v1_1]
[500]
[1000]
[500]
[1000]
[500]
[1000]
[500]
[1000]
}
------
rightVec_1_34
{
[500]
[500]
[500]
[500]
[500]
[500]
[500]
[500]
[500]
[500]
[500]
[500]
[500]
[500]
[500]
[500]
[500]
[500]
[500]
[500]
[500]
[500]
[500]
[500]
[500]
[500]
[500]
}
------
rightVec_1_35
{
[500]
[500]
[500]
[500]
[500]
[500]
[500]
[500]
[500]
[500]
[500]
[500]
[500]
[500]
[500]
[500]
[500]
[500]
[500]
[500]
[500]
[500]
[500]
[500]
[500]
[500]
[500]
}
------
rightVec_1_36
{
[0]
[500]
[1000]
[0]
[0]
[500]
[1000]
[500]
[1000]
[0]
[0]
[500]
[1000]
[500]
[1000]
[0]
[0]
[0]
[0]
[500]
[1000]
[500]
[1000]
[500]
[1000]
[500]
[1000]
}
------
rightVec_1_37
{
[x_v1_5, x_v1_1, 650]
[x_v1_1, 500]
[x_v1_1, 1000]
[x_v1_1, 400]
[x_v1_1, 400]
[500]
[1000]
[500]
[1000]
[x_v1_5, x_v1_1, 650]
[x_v1_5, x_v1_1, 650]
[x_v1_1, 500]
[x_v1_1, 1000]
[x_v1_1, 500]
[x_v1_1, 1000]
[x_v1_1, 400]
[x_v1_1, 400]
[x_v1_1, 400]
[x_v1_1, 400]
[500]
[1000]
[500]
[1000]
[500]
[1000]
[500]
[1000]
}
------
rightVec_1_38
{
[500]
[500]
[500]
[500]
[500]
[500]
[500]
[500]
[500]
[500]
[500]
[500]
[500]
[500]
[500]
[500]
[500]
[500]
[500]
[500]
[500]
[500]
[500]
[500]
[500]
[500]
[500]
}
------
rightVec_1_39
{
[x_v1_1, 500]
[x_v1_1, 500]
[x_v1_1, 500]
[500]
[500]
[500]
[500]
[500]
[500]
[x_v1_1, 500]
[x_v1_1, 500]
[x_v1_1, 500]
[x_v1_1, 500]
[x_v1_1, 500]
[x_v1_1, 500]
[500]
[500]
[500]
[500]
[500]
[500]
[500]
[500]
[500]
[500]
[500]
[500]
}
------
rightVec_1_40
{
[0]
[500]
[1000]
[0]
[0]
[500]
[1000]
[500]
[1000]
[0]
[0]
[500]
[1000]
[500]
[1000]
[0]
[0]
[0]
[0]
[500]
[1000]
[500]
[1000]
[500]
[1000]
[500]
[1000]
}
------
rightVec_1_41
{
[x_v1_1]
[500]
[1000]
[x_v1_1]
[x_v1_1]
[500]
[1000]
[500]
[1000]
[x_v1_1]
[x_v1_1]
[500]
[1000]
[500]
[1000]
[x_v1_1]
[x_v1_1]
[x_v1_1]
[x_v1_1]
[500]
[1000]
[500]
[1000]
[500]
[1000]
[500]
[1000]
}
------
rightVec_1_42
{
[500]
[500]
[500]
[500]
[500]
[500]
[500]
[500]
[500]
[500]
[500]
[500]
[500]
[500]
[500]
[500]
[500]
[500]
[500]
[500]
[500]
[500]
[500]
[500]
[500]
[500]
[500]
}
------
rightVec_1_43
{
[500]
[500]
[500]
[500]
[500]
[500]
[500]
[500]
[500]
[500]
[500]
[500]
[500]
[500]
[500]
[500]
[500]
[500]
[500]
[500]
[500]
[500]
[500]
[500]
[500]
[500]
[500]
}
------
rightVec_1_44
{
[0]
[500]
[1000]
[0]
[0]
[500]
[1000]
[500]
[1000]
[0]
[0]
[500]
[1000]
[500]
[1000]
[0]
[0]
[0]
[0]
[500]
[1000]
[500]
[1000]
[500]
[1000]
[500]
[1000]
}
------
rightVec_1_45
{
[x_v1_1, 400]
[500]
[1000]
[x_v1_1, 400]
[x_v1_1, 400]
[500]
[1000]
[500]
[1000]
[x_v1_1, 400]
[x_v1_1, 400]
[500]
[1000]
[500]
[1000]
[x_v1_1, 400]
[x_v1_1, 400]
[x_v1_1, 400]
[x_v1_1, 400]
[500]
[1000]
[500]
[1000]
[500]
[1000]
[500]
[1000]
}
------
rightVec_1_46
{
[500]
[500]
[500]
[500]
[500]
[500]
[500]
[500]
[500]
[500]
[500]
[500]
[500]
[500]
[500]
[500]
[500]
[500]
[500]
[500]
[500]
[500]
[500]
[500]
[500]
[500]
[500]
}
------
rightVec_1_47
{
[500]
[500]
[500]
[500]
[500]
[500]
[500]
[500]
[500]
[500]
[500]
[500]
[500]
[500]
[500]
[500]
[500]
[500]
[500]
[500]
[500]
[500]
[500]
[500]
[500]
[500]
[500]
}
------
rightVec_1_48
{
[0]
[500]
[1000]
[0]
[0]
[500]
[1000]
[500]
[1000]
[0]
[0]
[500]
[1000]
[500]
[1000]
[0]
[0]
[0]
[0]
[500]
[1000]
[500]
[1000]
[500]
[1000]
[500]
[1000]
}
------
rightVec_1_49
{
[x_v1_1, 650]
[500]
[1000]
[x_v1_1, 400]
[x_v1_1, 400]
[500]
[1000]
[500]
[1000]
[x_v1_1, 650]
[x_v1_1, 650]
[500]
[1000]
[500]
[1000]
[x_v1_1, 400]
[x_v1_1, 400]
[x_v1_1, 400]
[x_v1_1, 400]
[500]
[1000]
[500]
[1000]
[500]
[1000]
[500]
[1000]
}
------
rightVec_1_50
{
[500]
[500]
[500]
[500]
[500]
[500]
[500]
[500]
[500]
[500]
[500]
[500]
[500]
[500]
[500]
[500]
[500]
[500]
[500]
[500]
[500]
[500]
[500]
[500]
[500]
[500]
[500]
}
------
rightVec_1_51
{
[500]
[500]
[500]
[500]
[500]
[500]
[500]
[500]
[500]
[500]
[500]
[500]
[500]
[500]
[500]
[500]
[500]
[500]
[500]
[500]
[500]
[500]
[500]
[500]
[500]
[500]
[500]
}
------
rightVec_1_52
{
[0, 0]
[500, 500]
[1000, 1000]
[0]
[0]
[500]
[1000]
[500]
[1000]
[0, 0]
[0, 0]
[500, 500]
[1000, 1000]
[500, 500]
[1000, 1000]
[0]
[0]
[0]
[0]
[500]
[1000]
[500]
[1000]
[500]
[1000]
[500]
[1000]
}
------
rightVec_1_53
{
[x_v1_5, x_v1_17, 650]
[x_v1_1, 500, 500]
[x_v1_1, 1000, 1000]
[x_v1_1, 650, 400]
[x_v1_1, 650, 400]
[500]
[1000]
[500]
[1000]
[x_v1_5, x_v1_17, 650]
[x_v1_5, x_v1_17, 650]
[x_v1_1, 500, 500]
[x_v1_1, 1000, 1000]
[x_v1_1, 500, 500]
[x_v1_1, 1000, 1000]
[x_v1_1, 650, 400]
[x_v1_1, 650, 400]
[x_v1_1, 650, 400]
[x_v1_1, 650, 400]
[500]
[1000]
[500]
[1000]
[500]
[1000]
[500]
[1000]
}
------
rightVec_1_54
{
[500, 500]
[500, 500]
[500, 500]
[500]
[500]
[500]
[500]
[500]
[500]
[500, 500]
[500, 500]
[500, 500]
[500, 500]
[500, 500]
[500, 500]
[500]
[500]
[500]
[500]
[500]
[500]
[500]
[500]
[500]
[500]
[500]
[500]
}
------
rightVec_1_55
{
[x_v1_1, 500, 500]
[x_v1_1, 500, 500]
[x_v1_1, 500, 500]
[500]
[500]
[500]
[500]
[500]
[500]
[x_v1_1, 500, 500]
[x_v1_1, 500, 500]
[x_v1_1, 500, 500]
[x_v1_1, 500, 500]
[x_v1_1, 500, 500]
[x_v1_1, 500, 500]
[500]
[500]
[500]
[500]
[500]
[500]
[500]
[500]
[500]
[500]
[500]
[500]
}
------
rightVec_1_56
{
[0]
[500]
[1000]
[0]
[0]
[500]
[1000]
[500]
[1000]
[0]
[0]
[500]
[1000]
[500]
[1000]
[0]
[0]
[0]
[0]
[500]
[1000]
[500]
[1000]
[500]
[1000]
[500]
[1000]
}
------
rightVec_1_57
{
[x_v1_1, 400]
[500]
[1000]
[x_v1_1, 400]
[x_v1_1, 400]
[500]
[1000]
[500]
[1000]
[x_v1_1, 400]
[x_v1_1, 400]
[500]
[1000]
[500]
[1000]
[x_v1_1, 400]
[x_v1_1, 400]
[x_v1_1, 400]
[x_v1_1, 400]
[500]
[1000]
[500]
[1000]
[500]
[1000]
[500]
[1000]
}
------
rightVec_1_58
{
[500]
[500]
[500]
[500]
[500]
[500]
[500]
[500]
[500]
[500]
[500]
[500]
[500]
[500]
[500]
[500]
[500]
[500]
[500]
[500]
[500]
[500]
[500]
[500]
[500]
[500]
[500]
}
------
rightVec_1_59
{
[500]
[500]
[500]
[500]
[500]
[500]
[500]
[500]
[500]
[500]
[500]
[500]
[500]
[500]
[500]
[500]
[500]
[500]
[500]
[500]
[500]
[500]
[500]
[500]
[500]
[500]
[500]
}
------
rightVec_1_60
{
[0]
[500]
[1000]
[0]
[0]
[500]
[1000]
[500]
[1000]
[0]
[0]
[500]
[1000]
[500]
[1000]
[0]
[0]
[0]
[0]
[500]
[1000]
[500]
[1000]
[500]
[1000]
[500]
[1000]
}
------
rightVec_1_61
{
[x_v1_1, 650, 400]
[500]
[1000]
[x_v1_1, 650, 400]
[x_v1_1, 650, 400]
[500]
[1000]
[500]
[1000]
[x_v1_1, 650, 400]
[x_v1_1, 650, 400]
[500]
[1000]
[500]
[1000]
[x_v1_1, 650, 400]
[x_v1_1, 650, 400]
[x_v1_1, 650, 400]
[x_v1_1, 650, 400]
[500]
[1000]
[500]
[1000]
[500]
[1000]
[500]
[1000]
}
------
rightVec_1_62
{
[500]
[500]
[500]
[500]
[500]
[500]
[500]
[500]
[500]
[500]
[500]
[500]
[500]
[500]
[500]
[500]
[500]
[500]
[500]
[500]
[500]
[500]
[500]
[500]
[500]
[500]
[500]
}
------
rightVec_1_63
{
[500]
[500]
[500]
[500]
[500]
[500]
[500]
[500]
[500]
[500]
[500]
[500]
[500]
[500]
[500]
[500]
[500]
[500]
[500]
[500]
[500]
[500]
[500]
[500]
[500]
[500]
[500]
}
------
rightVec_2_0
{
[0]
[2850]
[2850]
[0]
[0]
[2850]
[2850]
[2850]
[2850]
[0]
[0]
[2850]
[2850]
[2850]
[2850]
[0]
[0]
[0]
[0]
[2850]
[2850]
[2850]
[2850]
[2850]
[2850]
[2850]
[2850]
}
------
rightVec_2_1
{
[0]
[3000]
[3000]
[0]
[0]
[3000]
[3000]
[3000]
[3000]
[0]
[0]
[3000]
[3000]
[3000]
[3000]
[0]
[0]
[0]
[0]
[3000]
[3000]
[3000]
[3000]
[3000]
[3000]
[3000]
[3000]
}
------
rightVec_2_2
{
[2850]
[2850]
[2850]
[2850]
[2850]
[2850]
[2850]
[2850]
[2850]
[2850]
[2850]
[2850]
[2850]
[2850]
[2850]
[2850]
[2850]
[2850]
[2850]
[2850]
[2850]
[2850]
[2850]
[2850]
[2850]
[2850]
[2850]
}
------
rightVec_2_3
{
[3000]
[3000]
[3000]
[3000]
[3000]
[3000]
[3000]
[3000]
[3000]
[3000]
[3000]
[3000]
[3000]
[3000]
[3000]
[3000]
[3000]
[3000]
[3000]
[3000]
[3000]
[3000]
[3000]
[3000]
[3000]
[3000]
[3000]
}
------
rightVec_2_4
{
[0]
[2850]
[2850]
[0]
[0]
[2850]
[2850]
[2850]
[2850]
[0]
[0]
[2850]
[2850]
[2850]
[2850]
[0]
[0]
[0]
[0]
[2850]
[2850]
[2850]
[2850]
[2850]
[2850]
[2850]
[2850]
}
------
rightVec_2_5
{
[0]
[2850, 3000]
[2850, 3000]
[0, 0]
[0, 0]
[3000]
[3000]
[3000]
[3000]
[0, 0, 0]
[0, 0, 0]
[2850, 3000]
[2850, 3000]
[2850, 3000]
[2850, 3000]
[0, 0]
[0, 0]
[0, 0]
[0, 0]
[3000]
[3000]
[3000]
[3000]
[3000]
[3000]
[3000]
[3000]
}
------
rightVec_2_6
{
[2850]
[2850]
[2850]
[2850]
[2850]
[2850]
[2850]
[2850]
[2850]
[2850]
[2850]
[2850]
[2850]
[2850]
[2850]
[2850]
[2850]
[2850]
[2850]
[2850]
[2850]
[2850]
[2850]
[2850]
[2850]
[2850]
[2850]
}
------
rightVec_2_7
{
[2850, 3000]
[2850, 3000]
[2850, 3000]
[3000]
[3000]
[3000]
[3000]
[3000]
[3000]
[2850, 3000]
[2850, 3000]
[2850, 3000]
[2850, 3000]
[2850, 3000]
[2850, 3000]
[3000]
[3000]
[3000]
[3000]
[3000]
[3000]
[3000]
[3000]
[3000]
[3000]
[3000]
[3000]
}
------
rightVec_2_8
{
[0]
[2850]
[2850]
[0]
[0]
[2850]
[2850]
[2850]
[2850]
[0]
[0]
[2850]
[2850]
[2850]
[2850]
[0]
[0]
[0]
[0]
[2850]
[2850]
[2850]
[2850]
[2850]
[2850]
[2850]
[2850]
}
------
rightVec_2_9
{
[0]
[3000]
[3000]
[0]
[0]
[3000]
[3000]
[3000]
[3000]
[0]
[0]
[3000]
[3000]
[3000]
[3000]
[0]
[0]
[0]
[0]
[3000]
[3000]
[3000]
[3000]
[3000]
[3000]
[3000]
[3000]
}
------
rightVec_2_10
{
[2850]
[2850]
[2850]
[2850]
[2850]
[2850]
[2850]
[2850]
[2850]
[2850]
[2850]
[2850]
[2850]
[2850]
[2850]
[2850]
[2850]
[2850]
[2850]
[2850]
[2850]
[2850]
[2850]
[2850]
[2850]
[2850]
[2850]
}
------
rightVec_2_11
{
[3000]
[3000]
[3000]
[3000]
[3000]
[3000]
[3000]
[3000]
[3000]
[3000]
[3000]
[3000]
[3000]
[3000]
[3000]
[3000]
[3000]
[3000]
[3000]
[3000]
[3000]
[3000]
[3000]
[3000]
[3000]
[3000]
[3000]
}
------
rightVec_2_12
{
[0]
[2850]
[2850]
[0]
[0]
[2850]
[2850]
[2850]
[2850]
[0]
[0]
[2850]
[2850]
[2850]
[2850]
[0]
[0]
[0]
[0]
[2850]
[2850]
[2850]
[2850]
[2850]
[2850]
[2850]
[2850]
}
------
rightVec_2_13
{
[0, 0]
[3000]
[3000]
[0, 0]
[0, 0]
[3000]
[3000]
[3000]
[3000]
[0, 0]
[0, 0]
[3000]
[3000]
[3000]
[3000]
[0, 0]
[0, 0]
[0, 0]
[0, 0]
[3000]
[3000]
[3000]
[3000]
[3000]
[3000]
[3000]
[3000]
}
------
rightVec_2_14
{
[2850]
[2850]
[2850]
[2850]
[2850]
[2850]
[2850]
[2850]
[2850]
[2850]
[2850]
[2850]
[2850]
[2850]
[2850]
[2850]
[2850]
[2850]
[2850]
[2850]
[2850]
[2850]
[2850]
[2850]
[2850]
[2850]
[2850]
}
------
rightVec_2_15
{
[3000]
[3000]
[3000]
[3000]
[3000]
[3000]
[3000]
[3000]
[3000]
[3000]
[3000]
[3000]
[3000]
[3000]
[3000]
[3000]
[3000]
[3000]
[3000]
[3000]
[3000]
[3000]
[3000]
[3000]
[3000]
[3000]
[3000]
}
------
rightVec_2_16
{
[0]
[2850]
[2850]
[0]
[0]
[2850]
[2850]
[2850]
[2850]
[0]
[0]
[2850]
[2850]
[2850]
[2850]
[0]
[0]
[0]
[0]
[2850]
[2850]
[2850]
[2850]
[2850]
[2850]
[2850]
[2850]
}
------
rightVec_2_17
{
[0]
[2700, 3000]
[2700, 3000]
[0, 0, 0]
[0, 0, 0]
[2700, 3000]
[2700, 3000]
[2700, 3000]
[2700, 3000]
[0, 0]
[0, 0]
[3000]
[3000]
[3000]
[3000]
[0, 0]
[0, 0]
[0, 0]
[0, 0]
[3000]
[3000]
[3000]
[3000]
[3000]
[3000]
[3000]
[3000]
}
------
rightVec_2_18
{
[2850]
[2850]
[2850]
[2850]
[2850]
[2850]
[2850]
[2850]
[2850]
[2850]
[2850]
[2850]
[2850]
[2850]
[2850]
[2850]
[2850]
[2850]
[2850]
[2850]
[2850]
[2850]
[2850]
[2850]
[2850]
[2850]
[2850]
}
------
rightVec_2_19
{
[2700, 3000]
[2700, 3000]
[2700, 3000]
[2700, 3000]
[2700, 3000]
[2700, 3000]
[2700, 3000]
[2700, 3000]
[2700, 3000]
[3000]
[3000]
[3000]
[3000]
[3000]
[3000]
[3000]
[3000]
[3000]
[3000]
[3000]
[3000]
[3000]
[3000]
[3000]
[3000]
[3000]
[3000]
}
------
rightVec_2_20
{
[0]
[2700, 2850, 2850]
[2700, 2850, 2850]
[0, 0]
[0, 0]
[2850, 2850]
[2850, 2850]
[2850, 2850]
[2850, 2850]
[0, 0]
[0, 0]
[2850, 2850]
[2850, 2850]
[2850, 2850]
[2850, 2850]
[0]
[0]
[0]
[0]
[2850]
[2850]
[2850]
[2850]
[2850]
[2850]
[2850]
[2850]
}
------
rightVec_2_21
{
[0]
[2700, 2850, 3000]
[2700, 2850, 3000]
[0, 0, 0]
[0, 0, 0]
[2850, 3000, 3000]
[2850, 3000, 3000]
[2850, 3000, 3000]
[2850, 3000, 3000]
[0, 0, 0]
[0, 0, 0]
[2850, 3000, 3000]
[2850, 3000, 3000]
[2850, 3000, 3000]
[2850, 3000, 3000]
[0, 0, 0]
[0, 0, 0]
[0, 0, 0]
[0, 0, 0]
[3000]
[3000]
[3000]
[3000]
[3000]
[3000]
[3000]
[3000]
}
------
rightVec_2_22
{
[2700, 2850, 2850]
[2700, 2850, 2850]
[2700, 2850, 2850]
[2850, 2850]
[2850, 2850]
[2850, 2850]
[2850, 2850]
[2850, 2850]
[2850, 2850]
[2850, 2850]
[2850, 2850]
[2850, 2850]
[2850, 2850]
[2850, 2850]
[2850, 2850]
[2850]
[2850]
[2850]
[2850]
[2850]
[2850]
[2850]
[2850]
[2850]
[2850]
[2850]
[2850]
}
------
rightVec_2_23
{
[2700, 2850, 3000]
[2700, 2850, 3000]
[2700, 2850, 3000]
[2850, 3000, 3000]
[2850, 3000, 3000]
[2850, 3000, 3000]
[2850, 3000, 3000]
[2850, 3000, 3000]
[2850, 3000, 3000]
[2850, 3000, 3000]
[2850, 3000, 3000]
[2850, 3000, 3000]
[2850, 3000, 3000]
[2850, 3000, 3000]
[2850, 3000, 3000]
[3000]
[3000]
[3000]
[3000]
[3000]
[3000]
[3000]
[3000]
[3000]
[3000]
[3000]
[3000]
}
------
rightVec_2_24
{
[0]
[2850]
[2850]
[0]
[0]
[2850]
[2850]
[2850]
[2850]
[0]
[0]
[2850]
[2850]
[2850]
[2850]
[0]
[0]
[0]
[0]
[2850]
[2850]
[2850]
[2850]
[2850]
[2850]
[2850]
[2850]
}
------
rightVec_2_25
{
[0, 0, 0]
[2700, 3000]
[2700, 3000]
[0, 0, 0]
[0, 0, 0]
[2700, 3000]
[2700, 3000]
[2700, 3000]
[2700, 3000]
[0, 0]
[0, 0]
[3000]
[3000]
[3000]
[3000]
[0, 0]
[0, 0]
[0, 0]
[0, 0]
[3000]
[3000]
[3000]
[3000]
[3000]
[3000]
[3000]
[3000]
}
------
rightVec_2_26
{
[2850]
[2850]
[2850]
[2850]
[2850]
[2850]
[2850]
[2850]
[2850]
[2850]
[2850]
[2850]
[2850]
[2850]
[2850]
[2850]
[2850]
[2850]
[2850]
[2850]
[2850]
[2850]
[2850]
[2850]
[2850]
[2850]
[2850]
}
------
rightVec_2_27
{
[2700, 3000]
[2700, 3000]
[2700, 3000]
[2700, 3000]
[2700, 3000]
[2700, 3000]
[2700, 3000]
[2700, 3000]
[2700, 3000]
[3000]
[3000]
[3000]
[3000]
[3000]
[3000]
[3000]
[3000]
[3000]
[3000]
[3000]
[3000]
[3000]
[3000]
[3000]
[3000]
[3000]
[3000]
}
------
rightVec_2_28
{
[0, 0]
[2850, 2850]
[2850, 2850]
[0, 0]
[0, 0]
[2850, 2850]
[2850, 2850]
[2850, 2850]
[2850, 2850]
[0]
[0]
[2850]
[2850]
[2850]
[2850]
[0]
[0]
[0]
[0]
[2850]
[2850]
[2850]
[2850]
[2850]
[2850]
[2850]
[2850]
}
------
rightVec_2_29
{
[0, 0, 0]
[2850, 3000, 3000]
[2850, 3000, 3000]
[0, 0, 0]
[0, 0, 0]
[2850, 3000, 3000]
[2850, 3000, 3000]
[2850, 3000, 3000]
[2850, 3000, 3000]
[0, 0, 0]
[0, 0, 0]
[3000]
[3000]
[3000]
[3000]
[0, 0, 0]
[0, 0, 0]
[0, 0, 0]
[0, 0, 0]
[3000]
[3000]
[3000]
[3000]
[3000]
[3000]
[3000]
[3000]
}
------
rightVec_2_30
{
[2850, 2850]
[2850, 2850]
[2850, 2850]
[2850, 2850]
[2850, 2850]
[2850, 2850]
[2850, 2850]
[2850, 2850]
[2850, 2850]
[2850]
[2850]
[2850]
[2850]
[2850]
[2850]
[2850]
[2850]
[2850]
[2850]
[2850]
[2850]
[2850]
[2850]
[2850]
[2850]
[2850]
[2850]
}
------
rightVec_2_31
{
[2850, 3000, 3000]
[2850, 3000, 3000]
[2850, 3000, 3000]
[2850, 3000, 3000]
[2850, 3000, 3000]
[2850, 3000, 3000]
[2850, 3000, 3000]
[2850, 3000, 3000]
[2850, 3000, 3000]
[3000]
[3000]
[3000]
[3000]
[3000]
[3000]
[3000]
[3000]
[3000]
[3000]
[3000]
[3000]
[3000]
[3000]
[3000]
[3000]
[3000]
[3000]
}
------
rightVec_2_32
{
[0]
[2850]
[2850]
[0]
[0]
[2850]
[2850]
[2850]
[2850]
[0]
[0]
[2850]
[2850]
[2850]
[2850]
[0]
[0]
[0]
[0]
[2850]
[2850]
[2850]
[2850]
[2850]
[2850]
[2850]
[2850]
}
------
rightVec_2_33
{
[0]
[3000]
[3000]
[0]
[0]
[3000]
[3000]
[3000]
[3000]
[0]
[0]
[3000]
[3000]
[3000]
[3000]
[0]
[0]
[0]
[0]
[3000]
[3000]
[3000]
[3000]
[3000]
[3000]
[3000]
[3000]
}
------
rightVec_2_34
{
[2850]
[2850]
[2850]
[2850]
[2850]
[2850]
[2850]
[2850]
[2850]
[2850]
[2850]
[2850]
[2850]
[2850]
[2850]
[2850]
[2850]
[2850]
[2850]
[2850]
[2850]
[2850]
[2850]
[2850]
[2850]
[2850]
[2850]
}
------
rightVec_2_35
{
[3000]
[3000]
[3000]
[3000]
[3000]
[3000]
[3000]
[3000]
[3000]
[3000]
[3000]
[3000]
[3000]
[3000]
[3000]
[3000]
[3000]
[3000]
[3000]
[3000]
[3000]
[3000]
[3000]
[3000]
[3000]
[3000]
[3000]
}
------
rightVec_2_36
{
[0]
[2850]
[2850]
[0]
[0]
[2850]
[2850]
[2850]
[2850]
[0]
[0]
[2850]
[2850]
[2850]
[2850]
[0]
[0]
[0]
[0]
[2850]
[2850]
[2850]
[2850]
[2850]
[2850]
[2850]
[2850]
}
------
rightVec_2_37
{
[0, 0, 0]
[2850, 3000]
[2850, 3000]
[0, 0]
[0, 0]
[3000]
[3000]
[3000]
[3000]
[0, 0, 0]
[0, 0, 0]
[2850, 3000]
[2850, 3000]
[2850, 3000]
[2850, 3000]
[0, 0]
[0, 0]
[0, 0]
[0, 0]
[3000]
[3000]
[3000]
[3000]
[3000]
[3000]
[3000]
[3000]
}
------
rightVec_2_38
{
[2850]
[2850]
[2850]
[2850]
[2850]
[2850]
[2850]
[2850]
[2850]
[2850]
[2850]
[2850]
[2850]
[2850]
[2850]
[2850]
[2850]
[2850]
[2850]
[2850]
[2850]
[2850]
[2850]
[2850]
[2850]
[2850]
[2850]
}
------
rightVec_2_39
{
[2850, 3000]
[2850, 3000]
[2850, 3000]
[3000]
[3000]
[3000]
[3000]
[3000]
[3000]
[2850, 3000]
[2850, 3000]
[2850, 3000]
[2850, 3000]
[2850, 3000]
[2850, 3000]
[3000]
[3000]
[3000]
[3000]
[3000]
[3000]
[3000]
[3000]
[3000]
[3000]
[3000]
[3000]
}
------
rightVec_2_40
{
[0]
[2850]
[2850]
[0]
[0]
[2850]
[2850]
[2850]
[2850]
[0]
[0]
[2850]
[2850]
[2850]
[2850]
[0]
[0]
[0]
[0]
[2850]
[2850]
[2850]
[2850]
[2850]
[2850]
[2850]
[2850]
}
------
rightVec_2_41
{
[0]
[3000]
[3000]
[0]
[0]
[3000]
[3000]
[3000]
[3000]
[0]
[0]
[3000]
[3000]
[3000]
[3000]
[0]
[0]
[0]
[0]
[3000]
[3000]
[3000]
[3000]
[3000]
[3000]
[3000]
[3000]
}
------
rightVec_2_42
{
[2850]
[2850]
[2850]
[2850]
[2850]
[2850]
[2850]
[2850]
[2850]
[2850]
[2850]
[2850]
[2850]
[2850]
[2850]
[2850]
[2850]
[2850]
[2850]
[2850]
[2850]
[2850]
[2850]
[2850]
[2850]
[2850]
[2850]
}
------
rightVec_2_43
{
[3000]
[3000]
[3000]
[3000]
[3000]
[3000]
[3000]
[3000]
[3000]
[3000]
[3000]
[3000]
[3000]
[3000]
[3000]
[3000]
[3000]
[3000]
[3000]
[3000]
[3000]
[3000]
[3000]
[3000]
[3000]
[3000]
[3000]
}
------
rightVec_2_44
{
[0]
[2850]
[2850]
[0]
[0]
[2850]
[2850]
[2850]
[2850]
[0]
[0]
[2850]
[2850]
[2850]
[2850]
[0]
[0]
[0]
[0]
[2850]
[2850]
[2850]
[2850]
[2850]
[2850]
[2850]
[2850]
}
------
rightVec_2_45
{
[0, 0]
[3000]
[3000]
[0, 0]
[0, 0]
[3000]
[3000]
[3000]
[3000]
[0, 0]
[0, 0]
[3000]
[3000]
[3000]
[3000]
[0, 0]
[0, 0]
[0, 0]
[0, 0]
[3000]
[3000]
[3000]
[3000]
[3000]
[3000]
[3000]
[3000]
}
------
rightVec_2_46
{
[2850]
[2850]
[2850]
[2850]
[2850]
[2850]
[2850]
[2850]
[2850]
[2850]
[2850]
[2850]
[2850]
[2850]
[2850]
[2850]
[2850]
[2850]
[2850]
[2850]
[2850]
[2850]
[2850]
[2850]
[2850]
[2850]
[2850]
}
------
rightVec_2_47
{
[3000]
[3000]
[3000]
[3000]
[3000]
[3000]
[3000]
[3000]
[3000]
[3000]
[3000]
[3000]
[3000]
[3000]
[3000]
[3000]
[3000]
[3000]
[3000]
[3000]
[3000]
[3000]
[3000]
[3000]
[3000]
[3000]
[3000]
}
------
rightVec_2_48
{
[0]
[2850]
[2850]
[0]
[0]
[2850]
[2850]
[2850]
[2850]
[0]
[0]
[2850]
[2850]
[2850]
[2850]
[0]
[0]
[0]
[0]
[2850]
[2850]
[2850]
[2850]
[2850]
[2850]
[2850]
[2850]
}
------
rightVec_2_49
{
[0, 0]
[3000]
[3000]
[0, 0]
[0, 0]
[3000]
[3000]
[3000]
[3000]
[0, 0]
[0, 0]
[3000]
[3000]
[3000]
[3000]
[0, 0]
[0, 0]
[0, 0]
[0, 0]
[3000]
[3000]
[3000]
[3000]
[3000]
[3000]
[3000]
[3000]
}
------
rightVec_2_50
{
[2850]
[2850]
[2850]
[2850]
[2850]
[2850]
[2850]
[2850]
[2850]
[2850]
[2850]
[2850]
[2850]
[2850]
[2850]
[2850]
[2850]
[2850]
[2850]
[2850]
[2850]
[2850]
[2850]
[2850]
[2850]
[2850]
[2850]
}
------
rightVec_2_51
{
[3000]
[3000]
[3000]
[3000]
[3000]
[3000]
[3000]
[3000]
[3000]
[3000]
[3000]
[3000]
[3000]
[3000]
[3000]
[3000]
[3000]
[3000]
[3000]
[3000]
[3000]
[3000]
[3000]
[3000]
[3000]
[3000]
[3000]
}
------
rightVec_2_52
{
[0, 0]
[2850, 2850]
[2850, 2850]
[0]
[0]
[2850]
[2850]
[2850]
[2850]
[0, 0]
[0, 0]
[2850, 2850]
[2850, 2850]
[2850, 2850]
[2850, 2850]
[0]
[0]
[0]
[0]
[2850]
[2850]
[2850]
[2850]
[2850]
[2850]
[2850]
[2850]
}
------
rightVec_2_53
{
[0, 0, 0]
[2850, 3000, 3000]
[2850, 3000, 3000]
[0, 0, 0]
[0, 0, 0]
[3000]
[3000]
[3000]
[3000]
[0, 0, 0]
[0, 0, 0]
[2850, 3000, 3000]
[2850, 3000, 3000]
[2850, 3000, 3000]
[2850, 3000, 3000]
[0, 0, 0]
[0, 0, 0]
[0, 0, 0]
[0, 0, 0]
[3000]
[3000]
[3000]
[3000]
[3000]
[3000]
[3000]
[3000]
}
------
rightVec_2_54
{
[2850, 2850]
[2850, 2850]
[2850, 2850]
[2850]
[2850]
[2850]
[2850]
[2850]
[2850]
[2850, 2850]
[2850, 2850]
[2850, 2850]
[2850, 2850]
[2850, 2850]
[2850, 2850]
[2850]
[2850]
[2850]
[2850]
[2850]
[2850]
[2850]
[2850]
[2850]
[2850]
[2850]
[2850]
}
------
rightVec_2_55
{
[2850, 3000, 3000]
[2850, 3000, 3000]
[2850, 3000, 3000]
[3000]
[3000]
[3000]
[3000]
[3000]
[3000]
[2850, 3000, 3000]
[2850, 3000, 3000]
[2850, 3000, 3000]
[2850, 3000, 3000]
[2850, 3000, 3000]
[2850, 3000, 3000]
[3000]
[3000]
[3000]
[3000]
[3000]
[3000]
[3000]
[3000]
[3000]
[3000]
[3000]
[3000]
}
------
rightVec_2_56
{
[0]
[2850]
[2850]
[0]
[0]
[2850]
[2850]
[2850]
[2850]
[0]
[0]
[2850]
[2850]
[2850]
[2850]
[0]
[0]
[0]
[0]
[2850]
[2850]
[2850]
[2850]
[2850]
[2850]
[2850]
[2850]
}
------
rightVec_2_57
{
[0, 0]
[3000]
[3000]
[0, 0]
[0, 0]
[3000]
[3000]
[3000]
[3000]
[0, 0]
[0, 0]
[3000]
[3000]
[3000]
[3000]
[0, 0]
[0, 0]
[0, 0]
[0, 0]
[3000]
[3000]
[3000]
[3000]
[3000]
[3000]
[3000]
[3000]
}
------
rightVec_2_58
{
[2850]
[2850]
[2850]
[2850]
[2850]
[2850]
[2850]
[2850]
[2850]
[2850]
[2850]
[2850]
[2850]
[2850]
[2850]
[2850]
[2850]
[2850]
[2850]
[2850]
[2850]
[2850]
[2850]
[2850]
[2850]
[2850]
[2850]
}
------
rightVec_2_59
{
[3000]
[3000]
[3000]
[3000]
[3000]
[3000]
[3000]
[3000]
[3000]
[3000]
[3000]
[3000]
[3000]
[3000]
[3000]
[3000]
[3000]
[3000]
[3000]
[3000]
[3000]
[3000]
[3000]
[3000]
[3000]
[3000]
[3000]
}
------
rightVec_2_60
{
[0]
[2850]
[2850]
[0]
[0]
[2850]
[2850]
[2850]
[2850]
[0]
[0]
[2850]
[2850]
[2850]
[2850]
[0]
[0]
[0]
[0]
[2850]
[2850]
[2850]
[2850]
[2850]
[2850]
[2850]
[2850]
}
------
rightVec_2_61
{
[0, 0, 0]
[3000]
[3000]
[0, 0, 0]
[0, 0, 0]
[3000]
[3000]
[3000]
[3000]
[0, 0, 0]
[0, 0, 0]
[3000]
[3000]
[3000]
[3000]
[0, 0, 0]
[0, 0, 0]
[0, 0, 0]
[0, 0, 0]
[3000]
[3000]
[3000]
[3000]
[3000]
[3000]
[3000]
[3000]
}
------
rightVec_2_62
{
[2850]
[2850]
[2850]
[2850]
[2850]
[2850]
[2850]
[2850]
[2850]
[2850]
[2850]
[2850]
[2850]
[2850]
[2850]
[2850]
[2850]
[2850]
[2850]
[2850]
[2850]
[2850]
[2850]
[2850]
[2850]
[2850]
[2850]
}
------
rightVec_2_63
{
[3000]
[3000]
[3000]
[3000]
[3000]
[3000]
[3000]
[3000]
[3000]
[3000]
[3000]
[3000]
[3000]
[3000]
[3000]
[3000]
[3000]
[3000]
[3000]
[3000]
[3000]
[3000]
[3000]
[3000]
[3000]
[3000]
[3000]
}
------
rightVec_3_0
{
[0]
[0]
[0]
[500]
[500]
[500]
[500]
[500]
[500]
[0]
[0]
[0]
[0]
[0]
[0]
[500]
[500]
[500]
[500]
[500]
[500]
[500]
[500]
[500]
[500]
[500]
[500]
}
------
rightVec_3_1
{
[0]
[0]
[0]
[500]
[500]
[500]
[500]
[500]
[500]
[0]
[0]
[0]
[0]
[0]
[0]
[500]
[500]
[500]
[500]
[500]
[500]
[500]
[500]
[500]
[500]
[500]
[500]
}
------
rightVec_3_2
{
[0]
[0]
[0]
[500]
[500]
[500]
[500]
[500]
[500]
[0]
[0]
[0]
[0]
[0]
[0]
[500]
[500]
[500]
[500]
[500]
[500]
[500]
[500]
[500]
[500]
[500]
[500]
}
------
rightVec_3_3
{
[0]
[0]
[0]
[500]
[500]
[500]
[500]
[500]
[500]
[0]
[0]
[0]
[0]
[0]
[0]
[500]
[500]
[500]
[500]
[500]
[500]
[500]
[500]
[500]
[500]
[500]
[500]
}
------
rightVec_3_4
{
[x_v2_4]
[x_v2_4]
[x_v2_4]
[500]
[500]
[500]
[500]
[500]
[500]
[x_v2_4]
[x_v2_4]
[x_v2_4]
[x_v2_4]
[x_v2_4]
[x_v2_4]
[500]
[500]
[500]
[500]
[500]
[500]
[500]
[500]
[500]
[500]
[500]
[500]
}
------
rightVec_3_5
{
[x_v2_5]
[400, x_v2_4]
[900, x_v2_4]
[500, x_v2_4]
[500, x_v2_4]
[500]
[500]
[500]
[500]
[x_v2_5, 900, x_v2_4]
[x_v2_5, 400, x_v2_4]
[400, x_v2_4]
[900, x_v2_4]
[400, x_v2_4]
[900, x_v2_4]
[500, x_v2_4]
[500, x_v2_4]
[500, x_v2_4]
[500, x_v2_4]
[500]
[500]
[500]
[500]
[500]
[500]
[500]
[500]
}
------
rightVec_3_6
{
[x_v2_4]
[x_v2_4]
[x_v2_4]
[500]
[500]
[500]
[500]
[500]
[500]
[x_v2_4]
[x_v2_4]
[x_v2_4]
[x_v2_4]
[x_v2_4]
[x_v2_4]
[500]
[500]
[500]
[500]
[500]
[500]
[500]
[500]
[500]
[500]
[500]
[500]
}
------
rightVec_3_7
{
[400, x_v2_4]
[400, x_v2_4]
[400, x_v2_4]
[500]
[500]
[500]
[500]
[500]
[500]
[400, x_v2_4]
[400, x_v2_4]
[400, x_v2_4]
[400, x_v2_4]
[400, x_v2_4]
[400, x_v2_4]
[500]
[500]
[500]
[500]
[500]
[500]
[500]
[500]
[500]
[500]
[500]
[500]
}
------
rightVec_3_8
{
[500]
[500]
[500]
[500]
[500]
[500]
[500]
[500]
[500]
[500]
[500]
[500]
[500]
[500]
[500]
[500]
[500]
[500]
[500]
[500]
[500]
[500]
[500]
[500]
[500]
[500]
[500]
}
------
rightVec_3_9
{
[500]
[500]
[500]
[500]
[500]
[500]
[500]
[500]
[500]
[500]
[500]
[500]
[500]
[500]
[500]
[500]
[500]
[500]
[500]
[500]
[500]
[500]
[500]
[500]
[500]
[500]
[500]
}
------
rightVec_3_10
{
[500]
[500]
[500]
[500]
[500]
[500]
[500]
[500]
[500]
[500]
[500]
[500]
[500]
[500]
[500]
[500]
[500]
[500]
[500]
[500]
[500]
[500]
[500]
[500]
[500]
[500]
[500]
}
------
rightVec_3_11
{
[500]
[500]
[500]
[500]
[500]
[500]
[500]
[500]
[500]
[500]
[500]
[500]
[500]
[500]
[500]
[500]
[500]
[500]
[500]
[500]
[500]
[500]
[500]
[500]
[500]
[500]
[500]
}
------
rightVec_3_12
{
[500]
[500]
[500]
[500]
[500]
[500]
[500]
[500]
[500]
[500]
[500]
[500]
[500]
[500]
[500]
[500]
[500]
[500]
[500]
[500]
[500]
[500]
[500]
[500]
[500]
[500]
[500]
}
------
rightVec_3_13
{
[500, x_v2_4]
[500]
[500]
[500, x_v2_4]
[500, x_v2_4]
[500]
[500]
[500]
[500]
[500, x_v2_4]
[500, x_v2_4]
[500]
[500]
[500]
[500]
[500, x_v2_4]
[500, x_v2_4]
[500, x_v2_4]
[500, x_v2_4]
[500]
[500]
[500]
[500]
[500]
[500]
[500]
[500]
}
------
rightVec_3_14
{
[500]
[500]
[500]
[500]
[500]
[500]
[500]
[500]
[500]
[500]
[500]
[500]
[500]
[500]
[500]
[500]
[500]
[500]
[500]
[500]
[500]
[500]
[500]
[500]
[500]
[500]
[500]
}
------
rightVec_3_15
{
[500]
[500]
[500]
[500]
[500]
[500]
[500]
[500]
[500]
[500]
[500]
[500]
[500]
[500]
[500]
[500]
[500]
[500]
[500]
[500]
[500]
[500]
[500]
[500]
[500]
[500]
[500]
}
------
rightVec_3_16
{
[0]
[0]
[0]
[500]
[500]
[500]
[500]
[500]
[500]
[0]
[0]
[0]
[0]
[0]
[0]
[500]
[500]
[500]
[500]
[500]
[500]
[500]
[500]
[500]
[500]
[500]
[500]
}
------
rightVec_3_17
{
[0]
[0, 0]
[0, 0]
[0, 500, 0]
[0, 500, 0]
[500, 500]
[500, 500]
[500, 500]
[500, 500]
[0, 0]
[0, 0]
[0]
[0]
[0]
[0]
[500, 900]
[500, 900]
[500, 400]
[500, 400]
[500]
[500]
[500]
[500]
[500]
[500]
[500]
[500]
}
------
rightVec_3_18
{
[0]
[0]
[0]
[500]
[500]
[500]
[500]
[500]
[500]
[0]
[0]
[0]
[0]
[0]
[0]
[500]
[500]
[500]
[500]
[500]
[500]
[500]
[500]
[500]
[500]
[500]
[500]
}
------
rightVec_3_19
{
[0, 0]
[0, 0]
[0, 0]
[500, 500]
[500, 500]
[500, 500]
[500, 500]
[500, 500]
[500, 500]
[0]
[0]
[0]
[0]
[0]
[0]
[500]
[500]
[500]
[500]
[500]
[500]
[500]
[500]
[500]
[500]
[500]
[500]
}
------
rightVec_3_20
{
[x_v2_20]
[x_v2_4, 400, x_v2_20]
[x_v2_4, 900, x_v2_20]
[x_v2_4, 500]
[x_v2_4, 500]
[x_v2_4, 500]
[x_v2_4, 500]
[x_v2_4, 500]
[x_v2_4, 500]
[x_v2_4, 900]
[x_v2_4, 400]
[x_v2_4, 900]
[x_v2_4, 900]
[x_v2_4, 400]
[x_v2_4, 400]
[500]
[500]
[500]
[500]
[500]
[500]
[500]
[500]
[500]
[500]
[500]
[500]
}
------
rightVec_3_21
{
[x_v2_21]
[x_v2_5, 400, x_v2_20]
[x_v2_5, 900, x_v2_20]
[x_v2_5, 500, x_v2_20]
[x_v2_5, 500, x_v2_20]
[400, x_v2_4, 500]
[900, x_v2_4, 500]
[400, x_v2_4, 500]
[900, x_v2_4, 500]
[x_v2_5, 900, x_v2_20]
[x_v2_5, 400, x_v2_20]
[400, x_v2_4, 900]
[900, x_v2_4, 900]
[400, x_v2_4, 400]
[900, x_v2_4, 400]
[500, 500, x_v2_4]
[500, 500, x_v2_4]
[500, 500, x_v2_4]
[500, 500, x_v2_4]
[500]
[500]
[500]
[500]
[500]
[500]
[500]
[500]
}
------
rightVec_3_22
{
[x_v2_4, 400, x_v2_20]
[x_v2_4, 400, x_v2_20]
[x_v2_4, 400, x_v2_20]
[x_v2_4, 500]
[x_v2_4, 500]
[x_v2_4, 500]
[x_v2_4, 500]
[x_v2_4, 500]
[x_v2_4, 500]
[x_v2_4, 900]
[x_v2_4, 400]
[x_v2_4, 900]
[x_v2_4, 900]
[x_v2_4, 400]
[x_v2_4, 400]
[500]
[500]
[500]
[500]
[500]
[500]
[500]
[500]
[500]
[500]
[500]
[500]
}
------
rightVec_3_23
{
[x_v2_5, 400, x_v2_20]
[x_v2_5, 400, x_v2_20]
[x_v2_5, 400, x_v2_20]
[400, x_v2_4, 500]
[400, x_v2_4, 500]
[400, x_v2_4, 500]
[400, x_v2_4, 500]
[400, x_v2_4, 500]
[400, x_v2_4, 500]
[400, x_v2_4, 900]
[400, x_v2_4, 400]
[400, x_v2_4, 900]
[400, x_v2_4, 900]
[400, x_v2_4, 400]
[400, x_v2_4, 400]
[500]
[500]
[500]
[500]
[500]
[500]
[500]
[500]
[500]
[500]
[500]
[500]
}
------
rightVec_3_24
{
[500]
[500]
[500]
[500]
[500]
[500]
[500]
[500]
[500]
[500]
[500]
[500]
[500]
[500]
[500]
[500]
[500]
[500]
[500]
[500]
[500]
[500]
[500]
[500]
[500]
[500]
[500]
}
------
rightVec_3_25
{
[0, 500, 0]
[500, 500]
[500, 500]
[0, 500, 0]
[0, 500, 0]
[500, 500]
[500, 500]
[500, 500]
[500, 500]
[500, 900]
[500, 400]
[500]
[500]
[500]
[500]
[500, 900]
[500, 900]
[500, 400]
[500, 400]
[500]
[500]
[500]
[500]
[500]
[500]
[500]
[500]
}
------
rightVec_3_26
{
[500]
[500]
[500]
[500]
[500]
[500]
[500]
[500]
[500]
[500]
[500]
[500]
[500]
[500]
[500]
[500]
[500]
[500]
[500]
[500]
[500]
[500]
[500]
[500]
[500]
[500]
[500]
}
------
rightVec_3_27
{
[500, 500]
[500, 500]
[500, 500]
[500, 500]
[500, 500]
[500, 500]
[500, 500]
[500, 500]
[500, 500]
[500]
[500]
[500]
[500]
[500]
[500]
[500]
[500]
[500]
[500]
[500]
[500]
[500]
[500]
[500]
[500]
[500]
[500]
}
------
rightVec_3_28
{
[x_v2_4, 500]
[x_v2_4, 500]
[x_v2_4, 500]
[x_v2_4, 500]
[x_v2_4, 500]
[x_v2_4, 500]
[x_v2_4, 500]
[x_v2_4, 500]
[x_v2_4, 500]
[500]
[500]
[500]
[500]
[500]
[500]
[500]
[500]
[500]
[500]
[500]
[500]
[500]
[500]
[500]
[500]
[500]
[500]
}
------
rightVec_3_29
{
[x_v2_5, 500, x_v2_20]
[400, x_v2_4, 500]
[900, x_v2_4, 500]
[x_v2_5, 500, x_v2_20]
[x_v2_5, 500, x_v2_20]
[400, x_v2_4, 500]
[900, x_v2_4, 500]
[400, x_v2_4, 500]
[900, x_v2_4, 500]
[500, 500, x_v2_4]
[500, 500, x_v2_4]
[500]
[500]
[500]
[500]
[500, 500, x_v2_4]
[500, 500, x_v2_4]
[500, 500, x_v2_4]
[500, 500, x_v2_4]
[500]
[500]
[500]
[500]
[500]
[500]
[500]
[500]
}
------
rightVec_3_30
{
[x_v2_4, 500]
[x_v2_4, 500]
[x_v2_4, 500]
[x_v2_4, 500]
[x_v2_4, 500]
[x_v2_4, 500]
[x_v2_4, 500]
[x_v2_4, 500]
[x_v2_4, 500]
[500]
[500]
[500]
[500]
[500]
[500]
[500]
[500]
[500]
[500]
[500]
[500]
[500]
[500]
[500]
[500]
[500]
[500]
}
------
rightVec_3_31
{
[400, x_v2_4, 500]
[400, x_v2_4, 500]
[400, x_v2_4, 500]
[400, x_v2_4, 500]
[400, x_v2_4, 500]
[400, x_v2_4, 500]
[400, x_v2_4, 500]
[400, x_v2_4, 500]
[400, x_v2_4, 500]
[500]
[500]
[500]
[500]
[500]
[500]
[500]
[500]
[500]
[500]
[500]
[500]
[500]
[500]
[500]
[500]
[500]
[500]
}
------
rightVec_3_32
{
[0]
[0]
[0]
[500]
[500]
[500]
[500]
[500]
[500]
[0]
[0]
[0]
[0]
[0]
[0]
[500]
[500]
[500]
[500]
[500]
[500]
[500]
[500]
[500]
[500]
[500]
[500]
}
------
rightVec_3_33
{
[0]
[0]
[0]
[500]
[500]
[500]
[500]
[500]
[500]
[0]
[0]
[0]
[0]
[0]
[0]
[500]
[500]
[500]
[500]
[500]
[500]
[500]
[500]
[500]
[500]
[500]
[500]
}
------
rightVec_3_34
{
[0]
[0]
[0]
[500]
[500]
[500]
[500]
[500]
[500]
[0]
[0]
[0]
[0]
[0]
[0]
[500]
[500]
[500]
[500]
[500]
[500]
[500]
[500]
[500]
[500]
[500]
[500]
}
------
rightVec_3_35
{
[0]
[0]
[0]
[500]
[500]
[500]
[500]
[500]
[500]
[0]
[0]
[0]
[0]
[0]
[0]
[500]
[500]
[500]
[500]
[500]
[500]
[500]
[500]
[500]
[500]
[500]
[500]
}
------
rightVec_3_36
{
[x_v2_4]
[x_v2_4]
[x_v2_4]
[500]
[500]
[500]
[500]
[500]
[500]
[x_v2_4]
[x_v2_4]
[x_v2_4]
[x_v2_4]
[x_v2_4]
[x_v2_4]
[500]
[500]
[500]
[500]
[500]
[500]
[500]
[500]
[500]
[500]
[500]
[500]
}
------
rightVec_3_37
{
[x_v2_5, 750, x_v2_4]
[400, x_v2_4]
[900, x_v2_4]
[500, x_v2_4]
[500, x_v2_4]
[500]
[500]
[500]
[500]
[x_v2_5, 750, x_v2_4]
[x_v2_5, 750, x_v2_4]
[400, x_v2_4]
[900, x_v2_4]
[400, x_v2_4]
[900, x_v2_4]
[500, x_v2_4]
[500, x_v2_4]
[500, x_v2_4]
[500, x_v2_4]
[500]
[500]
[500]
[500]
[500]
[500]
[500]
[500]
}
------
rightVec_3_38
{
[x_v2_4]
[x_v2_4]
[x_v2_4]
[500]
[500]
[500]
[500]
[500]
[500]
[x_v2_4]
[x_v2_4]
[x_v2_4]
[x_v2_4]
[x_v2_4]
[x_v2_4]
[500]
[500]
[500]
[500]
[500]
[500]
[500]
[500]
[500]
[500]
[500]
[500]
}
------
rightVec_3_39
{
[400, x_v2_4]
[400, x_v2_4]
[400, x_v2_4]
[500]
[500]
[500]
[500]
[500]
[500]
[400, x_v2_4]
[400, x_v2_4]
[400, x_v2_4]
[400, x_v2_4]
[400, x_v2_4]
[400, x_v2_4]
[500]
[500]
[500]
[500]
[500]
[500]
[500]
[500]
[500]
[500]
[500]
[500]
}
------
rightVec_3_40
{
[500]
[500]
[500]
[500]
[500]
[500]
[500]
[500]
[500]
[500]
[500]
[500]
[500]
[500]
[500]
[500]
[500]
[500]
[500]
[500]
[500]
[500]
[500]
[500]
[500]
[500]
[500]
}
------
rightVec_3_41
{
[500]
[500]
[500]
[500]
[500]
[500]
[500]
[500]
[500]
[500]
[500]
[500]
[500]
[500]
[500]
[500]
[500]
[500]
[500]
[500]
[500]
[500]
[500]
[500]
[500]
[500]
[500]
}
------
rightVec_3_42
{
[500]
[500]
[500]
[500]
[500]
[500]
[500]
[500]
[500]
[500]
[500]
[500]
[500]
[500]
[500]
[500]
[500]
[500]
[500]
[500]
[500]
[500]
[500]
[500]
[500]
[500]
[500]
}
------
rightVec_3_43
{
[500]
[500]
[500]
[500]
[500]
[500]
[500]
[500]
[500]
[500]
[500]
[500]
[500]
[500]
[500]
[500]
[500]
[500]
[500]
[500]
[500]
[500]
[500]
[500]
[500]
[500]
[500]
}
------
rightVec_3_44
{
[500]
[500]
[500]
[500]
[500]
[500]
[500]
[500]
[500]
[500]
[500]
[500]
[500]
[500]
[500]
[500]
[500]
[500]
[500]
[500]
[500]
[500]
[500]
[500]
[500]
[500]
[500]
}
------
rightVec_3_45
{
[500, x_v2_4]
[500]
[500]
[500, x_v2_4]
[500, x_v2_4]
[500]
[500]
[500]
[500]
[500, x_v2_4]
[500, x_v2_4]
[500]
[500]
[500]
[500]
[500, x_v2_4]
[500, x_v2_4]
[500, x_v2_4]
[500, x_v2_4]
[500]
[500]
[500]
[500]
[500]
[500]
[500]
[500]
}
------
rightVec_3_46
{
[500]
[500]
[500]
[500]
[500]
[500]
[500]
[500]
[500]
[500]
[500]
[500]
[500]
[500]
[500]
[500]
[500]
[500]
[500]
[500]
[500]
[500]
[500]
[500]
[500]
[500]
[500]
}
------
rightVec_3_47
{
[500]
[500]
[500]
[500]
[500]
[500]
[500]
[500]
[500]
[500]
[500]
[500]
[500]
[500]
[500]
[500]
[500]
[500]
[500]
[500]
[500]
[500]
[500]
[500]
[500]
[500]
[500]
}
------
rightVec_3_48
{
[0]
[0]
[0]
[500]
[500]
[500]
[500]
[500]
[500]
[0]
[0]
[0]
[0]
[0]
[0]
[500]
[500]
[500]
[500]
[500]
[500]
[500]
[500]
[500]
[500]
[500]
[500]
}
------
rightVec_3_49
{
[0, 0]
[0]
[0]
[500, 750]
[500, 750]
[500]
[500]
[500]
[500]
[0, 0]
[0, 0]
[0]
[0]
[0]
[0]
[500, 750]
[500, 750]
[500, 750]
[500, 750]
[500]
[500]
[500]
[500]
[500]
[500]
[500]
[500]
}
------
rightVec_3_50
{
[0]
[0]
[0]
[500]
[500]
[500]
[500]
[500]
[500]
[0]
[0]
[0]
[0]
[0]
[0]
[500]
[500]
[500]
[500]
[500]
[500]
[500]
[500]
[500]
[500]
[500]
[500]
}
------
rightVec_3_51
{
[0]
[0]
[0]
[500]
[500]
[500]
[500]
[500]
[500]
[0]
[0]
[0]
[0]
[0]
[0]
[500]
[500]
[500]
[500]
[500]
[500]
[500]
[500]
[500]
[500]
[500]
[500]
}
------
rightVec_3_52
{
[x_v2_4, 750]
[x_v2_4, 750]
[x_v2_4, 750]
[500]
[500]
[500]
[500]
[500]
[500]
[x_v2_4, 750]
[x_v2_4, 750]
[x_v2_4, 750]
[x_v2_4, 750]
[x_v2_4, 750]
[x_v2_4, 750]
[500]
[500]
[500]
[500]
[500]
[500]
[500]
[500]
[500]
[500]
[500]
[500]
}
------
rightVec_3_53
{
[x_v2_5, 750, x_v2_20]
[400, x_v2_4, 750]
[900, x_v2_4, 750]
[500, 500, x_v2_4]
[500, 500, x_v2_4]
[500]
[500]
[500]
[500]
[x_v2_5, 750, x_v2_20]
[x_v2_5, 750, x_v2_20]
[400, x_v2_4, 750]
[900, x_v2_4, 750]
[400, x_v2_4, 750]
[900, x_v2_4, 750]
[500, 500, x_v2_4]
[500, 500, x_v2_4]
[500, 500, x_v2_4]
[500, 500, x_v2_4]
[500]
[500]
[500]
[500]
[500]
[500]
[500]
[500]
}
------
rightVec_3_54
{
[x_v2_4, 750]
[x_v2_4, 750]
[x_v2_4, 750]
[500]
[500]
[500]
[500]
[500]
[500]
[x_v2_4, 750]
[x_v2_4, 750]
[x_v2_4, 750]
[x_v2_4, 750]
[x_v2_4, 750]
[x_v2_4, 750]
[500]
[500]
[500]
[500]
[500]
[500]
[500]
[500]
[500]
[500]
[500]
[500]
}
------
rightVec_3_55
{
[400, x_v2_4, 750]
[400, x_v2_4, 750]
[400, x_v2_4, 750]
[500]
[500]
[500]
[500]
[500]
[500]
[400, x_v2_4, 750]
[400, x_v2_4, 750]
[400, x_v2_4, 750]
[400, x_v2_4, 750]
[400, x_v2_4, 750]
[400, x_v2_4, 750]
[500]
[500]
[500]
[500]
[500]
[500]
[500]
[500]
[500]
[500]
[500]
[500]
}
------
rightVec_3_56
{
[500]
[500]
[500]
[500]
[500]
[500]
[500]
[500]
[500]
[500]
[500]
[500]
[500]
[500]
[500]
[500]
[500]
[500]
[500]
[500]
[500]
[500]
[500]
[500]
[500]
[500]
[500]
}
------
rightVec_3_57
{
[500, 750]
[500]
[500]
[500, 750]
[500, 750]
[500]
[500]
[500]
[500]
[500, 750]
[500, 750]
[500]
[500]
[500]
[500]
[500, 750]
[500, 750]
[500, 750]
[500, 750]
[500]
[500]
[500]
[500]
[500]
[500]
[500]
[500]
}
------
rightVec_3_58
{
[500]
[500]
[500]
[500]
[500]
[500]
[500]
[500]
[500]
[500]
[500]
[500]
[500]
[500]
[500]
[500]
[500]
[500]
[500]
[500]
[500]
[500]
[500]
[500]
[500]
[500]
[500]
}
------
rightVec_3_59
{
[500]
[500]
[500]
[500]
[500]
[500]
[500]
[500]
[500]
[500]
[500]
[500]
[500]
[500]
[500]
[500]
[500]
[500]
[500]
[500]
[500]
[500]
[500]
[500]
[500]
[500]
[500]
}
------
rightVec_3_60
{
[500]
[500]
[500]
[500]
[500]
[500]
[500]
[500]
[500]
[500]
[500]
[500]
[500]
[500]
[500]
[500]
[500]
[500]
[500]
[500]
[500]
[500]
[500]
[500]
[500]
[500]
[500]
}
------
rightVec_3_61
{
[500, 500, x_v2_4]
[500]
[500]
[500, 500, x_v2_4]
[500, 500, x_v2_4]
[500]
[500]
[500]
[500]
[500, 500, x_v2_4]
[500, 500, x_v2_4]
[500]
[500]
[500]
[500]
[500, 500, x_v2_4]
[500, 500, x_v2_4]
[500, 500, x_v2_4]
[500, 500, x_v2_4]
[500]
[500]
[500]
[500]
[500]
[500]
[500]
[500]
}
------
rightVec_3_62
{
[500]
[500]
[500]
[500]
[500]
[500]
[500]
[500]
[500]
[500]
[500]
[500]
[500]
[500]
[500]
[500]
[500]
[500]
[500]
[500]
[500]
[500]
[500]
[500]
[500]
[500]
[500]
}
------
rightVec_3_63
{
[500]
[500]
[500]
[500]
[500]
[500]
[500]
[500]
[500]
[500]
[500]
[500]
[500]
[500]
[500]
[500]
[500]
[500]
[500]
[500]
[500]
[500]
[500]
[500]
[500]
[500]
[500]
}
------
rightVec_4_0
{
[0]
[0]
[0]
[2400]
[2400]
[2400]
[2400]
[2400]
[2400]
[0]
[0]
[0]
[0]
[0]
[0]
[2400]
[2400]
[2400]
[2400]
[2400]
[2400]
[2400]
[2400]
[2400]
[2400]
[2400]
[2400]
}
------
rightVec_4_1
{
[0]
[0]
[0]
[2400]
[2400]
[2400]
[2400]
[2400]
[2400]
[0]
[0]
[0]
[0]
[0]
[0]
[2400]
[2400]
[2400]
[2400]
[2400]
[2400]
[2400]
[2400]
[2400]
[2400]
[2400]
[2400]
}
------
rightVec_4_2
{
[0]
[0]
[0]
[2400]
[2400]
[2400]
[2400]
[2400]
[2400]
[0]
[0]
[0]
[0]
[0]
[0]
[2400]
[2400]
[2400]
[2400]
[2400]
[2400]
[2400]
[2400]
[2400]
[2400]
[2400]
[2400]
}
------
rightVec_4_3
{
[0]
[0]
[0]
[2400]
[2400]
[2400]
[2400]
[2400]
[2400]
[0]
[0]
[0]
[0]
[0]
[0]
[2400]
[2400]
[2400]
[2400]
[2400]
[2400]
[2400]
[2400]
[2400]
[2400]
[2400]
[2400]
}
------
rightVec_4_4
{
[0]
[0]
[0]
[2500]
[2500]
[2500]
[2500]
[2500]
[2500]
[0]
[0]
[0]
[0]
[0]
[0]
[2500]
[2500]
[2500]
[2500]
[2500]
[2500]
[2500]
[2500]
[2500]
[2500]
[2500]
[2500]
}
------
rightVec_4_5
{
[0]
[0, 0]
[0, 0]
[2500, 2450]
[2500, 2450]
[2500]
[2500]
[2500]
[2500]
[0, 0, 0]
[0, 0, 0]
[0, 0]
[0, 0]
[0, 0]
[0, 0]
[2500, 2450]
[2500, 2450]
[2500, 2450]
[2500, 2450]
[2500]
[2500]
[2500]
[2500]
[2500]
[2500]
[2500]
[2500]
}
------
rightVec_4_6
{
[0]
[0]
[0]
[2500]
[2500]
[2500]
[2500]
[2500]
[2500]
[0]
[0]
[0]
[0]
[0]
[0]
[2500]
[2500]
[2500]
[2500]
[2500]
[2500]
[2500]
[2500]
[2500]
[2500]
[2500]
[2500]
}
------
rightVec_4_7
{
[0, 0]
[0, 0]
[0, 0]
[2500]
[2500]
[2500]
[2500]
[2500]
[2500]
[0, 0]
[0, 0]
[0, 0]
[0, 0]
[0, 0]
[0, 0]
[2500]
[2500]
[2500]
[2500]
[2500]
[2500]
[2500]
[2500]
[2500]
[2500]
[2500]
[2500]
}
------
rightVec_4_8
{
[2400]
[2400]
[2400]
[2400]
[2400]
[2400]
[2400]
[2400]
[2400]
[2400]
[2400]
[2400]
[2400]
[2400]
[2400]
[2400]
[2400]
[2400]
[2400]
[2400]
[2400]
[2400]
[2400]
[2400]
[2400]
[2400]
[2400]
}
------
rightVec_4_9
{
[2400]
[2400]
[2400]
[2400]
[2400]
[2400]
[2400]
[2400]
[2400]
[2400]
[2400]
[2400]
[2400]
[2400]
[2400]
[2400]
[2400]
[2400]
[2400]
[2400]
[2400]
[2400]
[2400]
[2400]
[2400]
[2400]
[2400]
}
------
rightVec_4_10
{
[2400]
[2400]
[2400]
[2400]
[2400]
[2400]
[2400]
[2400]
[2400]
[2400]
[2400]
[2400]
[2400]
[2400]
[2400]
[2400]
[2400]
[2400]
[2400]
[2400]
[2400]
[2400]
[2400]
[2400]
[2400]
[2400]
[2400]
}
------
rightVec_4_11
{
[2400]
[2400]
[2400]
[2400]
[2400]
[2400]
[2400]
[2400]
[2400]
[2400]
[2400]
[2400]
[2400]
[2400]
[2400]
[2400]
[2400]
[2400]
[2400]
[2400]
[2400]
[2400]
[2400]
[2400]
[2400]
[2400]
[2400]
}
------
rightVec_4_12
{
[2500]
[2500]
[2500]
[2500]
[2500]
[2500]
[2500]
[2500]
[2500]
[2500]
[2500]
[2500]
[2500]
[2500]
[2500]
[2500]
[2500]
[2500]
[2500]
[2500]
[2500]
[2500]
[2500]
[2500]
[2500]
[2500]
[2500]
}
------
rightVec_4_13
{
[2500, 2450]
[2500]
[2500]
[2500, 2450]
[2500, 2450]
[2500]
[2500]
[2500]
[2500]
[2500, 2450]
[2500, 2450]
[2500]
[2500]
[2500]
[2500]
[2500, 2450]
[2500, 2450]
[2500, 2450]
[2500, 2450]
[2500]
[2500]
[2500]
[2500]
[2500]
[2500]
[2500]
[2500]
}
------
rightVec_4_14
{
[2500]
[2500]
[2500]
[2500]
[2500]
[2500]
[2500]
[2500]
[2500]
[2500]
[2500]
[2500]
[2500]
[2500]
[2500]
[2500]
[2500]
[2500]
[2500]
[2500]
[2500]
[2500]
[2500]
[2500]
[2500]
[2500]
[2500]
}
------
rightVec_4_15
{
[2500]
[2500]
[2500]
[2500]
[2500]
[2500]
[2500]
[2500]
[2500]
[2500]
[2500]
[2500]
[2500]
[2500]
[2500]
[2500]
[2500]
[2500]
[2500]
[2500]
[2500]
[2500]
[2500]
[2500]
[2500]
[2500]
[2500]
}
------
rightVec_4_16
{
[0]
[0]
[0]
[2400]
[2400]
[2400]
[2400]
[2400]
[2400]
[0]
[0]
[0]
[0]
[0]
[0]
[2400]
[2400]
[2400]
[2400]
[2400]
[2400]
[2400]
[2400]
[2400]
[2400]
[2400]
[2400]
}
------
rightVec_4_17
{
[0]
[0, 0]
[0, 0]
[2450, 2400, 2450]
[2450, 2400, 2450]
[2400, 2400]
[2400, 2400]
[2400, 2400]
[2400, 2400]
[0, 0]
[0, 0]
[0]
[0]
[0]
[0]
[2400, 2450]
[2400, 2450]
[2400, 2450]
[2400, 2450]
[2400]
[2400]
[2400]
[2400]
[2400]
[2400]
[2400]
[2400]
}
------
rightVec_4_18
{
[0]
[0]
[0]
[2400]
[2400]
[2400]
[2400]
[2400]
[2400]
[0]
[0]
[0]
[0]
[0]
[0]
[2400]
[2400]
[2400]
[2400]
[2400]
[2400]
[2400]
[2400]
[2400]
[2400]
[2400]
[2400]
}
------
rightVec_4_19
{
[0, 0]
[0, 0]
[0, 0]
[2400, 2400]
[2400, 2400]
[2400, 2400]
[2400, 2400]
[2400, 2400]
[2400, 2400]
[0]
[0]
[0]
[0]
[0]
[0]
[2400]
[2400]
[2400]
[2400]
[2400]
[2400]
[2400]
[2400]
[2400]
[2400]
[2400]
[2400]
}
------
rightVec_4_20
{
[0]
[0, 0, 0]
[0, 0, 0]
[2450, 2500]
[2450, 2500]
[2450, 2500]
[2450, 2500]
[2450, 2500]
[2450, 2500]
[0, 0]
[0, 0]
[0, 0]
[0, 0]
[0, 0]
[0, 0]
[2500]
[2500]
[2500]
[2500]
[2500]
[2500]
[2500]
[2500]
[2500]
[2500]
[2500]
[2500]
}
------
rightVec_4_21
{
[0]
[0, 0, 0]
[0, 0, 0]
[2450, 2500, 2450]
[2450, 2500, 2450]
[2450, 2450, 2500]
[2450, 2450, 2500]
[2450, 2450, 2500]
[2450, 2450, 2500]
[0, 0, 0]
[0, 0, 0]
[0, 0, 0]
[0, 0, 0]
[0, 0, 0]
[0, 0, 0]
[2500, 2500, 2450]
[2500, 2500, 2450]
[2500, 2500, 2450]
[2500, 2500, 2450]
[2500]
[2500]
[2500]
[2500]
[2500]
[2500]
[2500]
[2500]
}
------
rightVec_4_22
{
[0, 0, 0]
[0, 0, 0]
[0, 0, 0]
[2450, 2500]
[2450, 2500]
[2450, 2500]
[2450, 2500]
[2450, 2500]
[2450, 2500]
[0, 0]
[0, 0]
[0, 0]
[0, 0]
[0, 0]
[0, 0]
[2500]
[2500]
[2500]
[2500]
[2500]
[2500]
[2500]
[2500]
[2500]
[2500]
[2500]
[2500]
}
------
rightVec_4_23
{
[0, 0, 0]
[0, 0, 0]
[0, 0, 0]
[2450, 2450, 2500]
[2450, 2450, 2500]
[2450, 2450, 2500]
[2450, 2450, 2500]
[2450, 2450, 2500]
[2450, 2450, 2500]
[0, 0, 0]
[0, 0, 0]
[0, 0, 0]
[0, 0, 0]
[0, 0, 0]
[0, 0, 0]
[2500]
[2500]
[2500]
[2500]
[2500]
[2500]
[2500]
[2500]
[2500]
[2500]
[2500]
[2500]
}
------
rightVec_4_24
{
[2400]
[2400]
[2400]
[2400]
[2400]
[2400]
[2400]
[2400]
[2400]
[2400]
[2400]
[2400]
[2400]
[2400]
[2400]
[2400]
[2400]
[2400]
[2400]
[2400]
[2400]
[2400]
[2400]
[2400]
[2400]
[2400]
[2400]
}
------
rightVec_4_25
{
[2450, 2400, 2450]
[2400, 2400]
[2400, 2400]
[2450, 2400, 2450]
[2450, 2400, 2450]
[2400, 2400]
[2400, 2400]
[2400, 2400]
[2400, 2400]
[2400, 2450]
[2400, 2450]
[2400]
[2400]
[2400]
[2400]
[2400, 2450]
[2400, 2450]
[2400, 2450]
[2400, 2450]
[2400]
[2400]
[2400]
[2400]
[2400]
[2400]
[2400]
[2400]
}
------
rightVec_4_26
{
[2400]
[2400]
[2400]
[2400]
[2400]
[2400]
[2400]
[2400]
[2400]
[2400]
[2400]
[2400]
[2400]
[2400]
[2400]
[2400]
[2400]
[2400]
[2400]
[2400]
[2400]
[2400]
[2400]
[2400]
[2400]
[2400]
[2400]
}
------
rightVec_4_27
{
[2400, 2400]
[2400, 2400]
[2400, 2400]
[2400, 2400]
[2400, 2400]
[2400, 2400]
[2400, 2400]
[2400, 2400]
[2400, 2400]
[2400]
[2400]
[2400]
[2400]
[2400]
[2400]
[2400]
[2400]
[2400]
[2400]
[2400]
[2400]
[2400]
[2400]
[2400]
[2400]
[2400]
[2400]
}
------
rightVec_4_28
{
[2450, 2500]
[2450, 2500]
[2450, 2500]
[2450, 2500]
[2450, 2500]
[2450, 2500]
[2450, 2500]
[2450, 2500]
[2450, 2500]
[2500]
[2500]
[2500]
[2500]
[2500]
[2500]
[2500]
[2500]
[2500]
[2500]
[2500]
[2500]
[2500]
[2500]
[2500]
[2500]
[2500]
[2500]
}
------
rightVec_4_29
{
[2450, 2500, 2450]
[2450, 2450, 2500]
[2450, 2450, 2500]
[2450, 2500, 2450]
[2450, 2500, 2450]
[2450, 2450, 2500]
[2450, 2450, 2500]
[2450, 2450, 2500]
[2450, 2450, 2500]
[2500, 2500, 2450]
[2500, 2500, 2450]
[2500]
[2500]
[2500]
[2500]
[2500, 2500, 2450]
[2500, 2500, 2450]
[2500, 2500, 2450]
[2500, 2500, 2450]
[2500]
[2500]
[2500]
[2500]
[2500]
[2500]
[2500]
[2500]
}
------
rightVec_4_30
{
[2450, 2500]
[2450, 2500]
[2450, 2500]
[2450, 2500]
[2450, 2500]
[2450, 2500]
[2450, 2500]
[2450, 2500]
[2450, 2500]
[2500]
[2500]
[2500]
[2500]
[2500]
[2500]
[2500]
[2500]
[2500]
[2500]
[2500]
[2500]
[2500]
[2500]
[2500]
[2500]
[2500]
[2500]
}
------
rightVec_4_31
{
[2450, 2450, 2500]
[2450, 2450, 2500]
[2450, 2450, 2500]
[2450, 2450, 2500]
[2450, 2450, 2500]
[2450, 2450, 2500]
[2450, 2450, 2500]
[2450, 2450, 2500]
[2450, 2450, 2500]
[2500]
[2500]
[2500]
[2500]
[2500]
[2500]
[2500]
[2500]
[2500]
[2500]
[2500]
[2500]
[2500]
[2500]
[2500]
[2500]
[2500]
[2500]
}
------
rightVec_4_32
{
[0]
[0]
[0]
[2400]
[2400]
[2400]
[2400]
[2400]
[2400]
[0]
[0]
[0]
[0]
[0]
[0]
[2400]
[2400]
[2400]
[2400]
[2400]
[2400]
[2400]
[2400]
[2400]
[2400]
[2400]
[2400]
}
------
rightVec_4_33
{
[0]
[0]
[0]
[2400]
[2400]
[2400]
[2400]
[2400]
[2400]
[0]
[0]
[0]
[0]
[0]
[0]
[2400]
[2400]
[2400]
[2400]
[2400]
[2400]
[2400]
[2400]
[2400]
[2400]
[2400]
[2400]
}
------
rightVec_4_34
{
[0]
[0]
[0]
[2400]
[2400]
[2400]
[2400]
[2400]
[2400]
[0]
[0]
[0]
[0]
[0]
[0]
[2400]
[2400]
[2400]
[2400]
[2400]
[2400]
[2400]
[2400]
[2400]
[2400]
[2400]
[2400]
}
------
rightVec_4_35
{
[0]
[0]
[0]
[2400]
[2400]
[2400]
[2400]
[2400]
[2400]
[0]
[0]
[0]
[0]
[0]
[0]
[2400]
[2400]
[2400]
[2400]
[2400]
[2400]
[2400]
[2400]
[2400]
[2400]
[2400]
[2400]
}
------
rightVec_4_36
{
[0]
[0]
[0]
[2500]
[2500]
[2500]
[2500]
[2500]
[2500]
[0]
[0]
[0]
[0]
[0]
[0]
[2500]
[2500]
[2500]
[2500]
[2500]
[2500]
[2500]
[2500]
[2500]
[2500]
[2500]
[2500]
}
------
rightVec_4_37
{
[0, 0, 0]
[0, 0]
[0, 0]
[2500, 2450]
[2500, 2450]
[2500]
[2500]
[2500]
[2500]
[0, 0, 0]
[0, 0, 0]
[0, 0]
[0, 0]
[0, 0]
[0, 0]
[2500, 2450]
[2500, 2450]
[2500, 2450]
[2500, 2450]
[2500]
[2500]
[2500]
[2500]
[2500]
[2500]
[2500]
[2500]
}
------
rightVec_4_38
{
[0]
[0]
[0]
[2500]
[2500]
[2500]
[2500]
[2500]
[2500]
[0]
[0]
[0]
[0]
[0]
[0]
[2500]
[2500]
[2500]
[2500]
[2500]
[2500]
[2500]
[2500]
[2500]
[2500]
[2500]
[2500]
}
------
rightVec_4_39
{
[0, 0]
[0, 0]
[0, 0]
[2500]
[2500]
[2500]
[2500]
[2500]
[2500]
[0, 0]
[0, 0]
[0, 0]
[0, 0]
[0, 0]
[0, 0]
[2500]
[2500]
[2500]
[2500]
[2500]
[2500]
[2500]
[2500]
[2500]
[2500]
[2500]
[2500]
}
------
rightVec_4_40
{
[2400]
[2400]
[2400]
[2400]
[2400]
[2400]
[2400]
[2400]
[2400]
[2400]
[2400]
[2400]
[2400]
[2400]
[2400]
[2400]
[2400]
[2400]
[2400]
[2400]
[2400]
[2400]
[2400]
[2400]
[2400]
[2400]
[2400]
}
------
rightVec_4_41
{
[2400]
[2400]
[2400]
[2400]
[2400]
[2400]
[2400]
[2400]
[2400]
[2400]
[2400]
[2400]
[2400]
[2400]
[2400]
[2400]
[2400]
[2400]
[2400]
[2400]
[2400]
[2400]
[2400]
[2400]
[2400]
[2400]
[2400]
}
------
rightVec_4_42
{
[2400]
[2400]
[2400]
[2400]
[2400]
[2400]
[2400]
[2400]
[2400]
[2400]
[2400]
[2400]
[2400]
[2400]
[2400]
[2400]
[2400]
[2400]
[2400]
[2400]
[2400]
[2400]
[2400]
[2400]
[2400]
[2400]
[2400]
}
------
rightVec_4_43
{
[2400]
[2400]
[2400]
[2400]
[2400]
[2400]
[2400]
[2400]
[2400]
[2400]
[2400]
[2400]
[2400]
[2400]
[2400]
[2400]
[2400]
[2400]
[2400]
[2400]
[2400]
[2400]
[2400]
[2400]
[2400]
[2400]
[2400]
}
------
rightVec_4_44
{
[2500]
[2500]
[2500]
[2500]
[2500]
[2500]
[2500]
[2500]
[2500]
[2500]
[2500]
[2500]
[2500]
[2500]
[2500]
[2500]
[2500]
[2500]
[2500]
[2500]
[2500]
[2500]
[2500]
[2500]
[2500]
[2500]
[2500]
}
------
rightVec_4_45
{
[2500, 2450]
[2500]
[2500]
[2500, 2450]
[2500, 2450]
[2500]
[2500]
[2500]
[2500]
[2500, 2450]
[2500, 2450]
[2500]
[2500]
[2500]
[2500]
[2500, 2450]
[2500, 2450]
[2500, 2450]
[2500, 2450]
[2500]
[2500]
[2500]
[2500]
[2500]
[2500]
[2500]
[2500]
}
------
rightVec_4_46
{
[2500]
[2500]
[2500]
[2500]
[2500]
[2500]
[2500]
[2500]
[2500]
[2500]
[2500]
[2500]
[2500]
[2500]
[2500]
[2500]
[2500]
[2500]
[2500]
[2500]
[2500]
[2500]
[2500]
[2500]
[2500]
[2500]
[2500]
}
------
rightVec_4_47
{
[2500]
[2500]
[2500]
[2500]
[2500]
[2500]
[2500]
[2500]
[2500]
[2500]
[2500]
[2500]
[2500]
[2500]
[2500]
[2500]
[2500]
[2500]
[2500]
[2500]
[2500]
[2500]
[2500]
[2500]
[2500]
[2500]
[2500]
}
------
rightVec_4_48
{
[0]
[0]
[0]
[2400]
[2400]
[2400]
[2400]
[2400]
[2400]
[0]
[0]
[0]
[0]
[0]
[0]
[2400]
[2400]
[2400]
[2400]
[2400]
[2400]
[2400]
[2400]
[2400]
[2400]
[2400]
[2400]
}
------
rightVec_4_49
{
[0, 0]
[0]
[0]
[2400, 2450]
[2400, 2450]
[2400]
[2400]
[2400]
[2400]
[0, 0]
[0, 0]
[0]
[0]
[0]
[0]
[2400, 2450]
[2400, 2450]
[2400, 2450]
[2400, 2450]
[2400]
[2400]
[2400]
[2400]
[2400]
[2400]
[2400]
[2400]
}
------
rightVec_4_50
{
[0]
[0]
[0]
[2400]
[2400]
[2400]
[2400]
[2400]
[2400]
[0]
[0]
[0]
[0]
[0]
[0]
[2400]
[2400]
[2400]
[2400]
[2400]
[2400]
[2400]
[2400]
[2400]
[2400]
[2400]
[2400]
}
------
rightVec_4_51
{
[0]
[0]
[0]
[2400]
[2400]
[2400]
[2400]
[2400]
[2400]
[0]
[0]
[0]
[0]
[0]
[0]
[2400]
[2400]
[2400]
[2400]
[2400]
[2400]
[2400]
[2400]
[2400]
[2400]
[2400]
[2400]
}
------
rightVec_4_52
{
[0, 0]
[0, 0]
[0, 0]
[2500]
[2500]
[2500]
[2500]
[2500]
[2500]
[0, 0]
[0, 0]
[0, 0]
[0, 0]
[0, 0]
[0, 0]
[2500]
[2500]
[2500]
[2500]
[2500]
[2500]
[2500]
[2500]
[2500]
[2500]
[2500]
[2500]
}
------
rightVec_4_53
{
[0, 0, 0]
[0, 0, 0]
[0, 0, 0]
[2500, 2500, 2450]
[2500, 2500, 2450]
[2500]
[2500]
[2500]
[2500]
[0, 0, 0]
[0, 0, 0]
[0, 0, 0]
[0, 0, 0]
[0, 0, 0]
[0, 0, 0]
[2500, 2500, 2450]
[2500, 2500, 2450]
[2500, 2500, 2450]
[2500, 2500, 2450]
[2500]
[2500]
[2500]
[2500]
[2500]
[2500]
[2500]
[2500]
}
------
rightVec_4_54
{
[0, 0]
[0, 0]
[0, 0]
[2500]
[2500]
[2500]
[2500]
[2500]
[2500]
[0, 0]
[0, 0]
[0, 0]
[0, 0]
[0, 0]
[0, 0]
[2500]
[2500]
[2500]
[2500]
[2500]
[2500]
[2500]
[2500]
[2500]
[2500]
[2500]
[2500]
}
------
rightVec_4_55
{
[0, 0, 0]
[0, 0, 0]
[0, 0, 0]
[2500]
[2500]
[2500]
[2500]
[2500]
[2500]
[0, 0, 0]
[0, 0, 0]
[0, 0, 0]
[0, 0, 0]
[0, 0, 0]
[0, 0, 0]
[2500]
[2500]
[2500]
[2500]
[2500]
[2500]
[2500]
[2500]
[2500]
[2500]
[2500]
[2500]
}
------
rightVec_4_56
{
[2400]
[2400]
[2400]
[2400]
[2400]
[2400]
[2400]
[2400]
[2400]
[2400]
[2400]
[2400]
[2400]
[2400]
[2400]
[2400]
[2400]
[2400]
[2400]
[2400]
[2400]
[2400]
[2400]
[2400]
[2400]
[2400]
[2400]
}
------
rightVec_4_57
{
[2400, 2450]
[2400]
[2400]
[2400, 2450]
[2400, 2450]
[2400]
[2400]
[2400]
[2400]
[2400, 2450]
[2400, 2450]
[2400]
[2400]
[2400]
[2400]
[2400, 2450]
[2400, 2450]
[2400, 2450]
[2400, 2450]
[2400]
[2400]
[2400]
[2400]
[2400]
[2400]
[2400]
[2400]
}
------
rightVec_4_58
{
[2400]
[2400]
[2400]
[2400]
[2400]
[2400]
[2400]
[2400]
[2400]
[2400]
[2400]
[2400]
[2400]
[2400]
[2400]
[2400]
[2400]
[2400]
[2400]
[2400]
[2400]
[2400]
[2400]
[2400]
[2400]
[2400]
[2400]
}
------
rightVec_4_59
{
[2400]
[2400]
[2400]
[2400]
[2400]
[2400]
[2400]
[2400]
[2400]
[2400]
[2400]
[2400]
[2400]
[2400]
[2400]
[2400]
[2400]
[2400]
[2400]
[2400]
[2400]
[2400]
[2400]
[2400]
[2400]
[2400]
[2400]
}
------
rightVec_4_60
{
[2500]
[2500]
[2500]
[2500]
[2500]
[2500]
[2500]
[2500]
[2500]
[2500]
[2500]
[2500]
[2500]
[2500]
[2500]
[2500]
[2500]
[2500]
[2500]
[2500]
[2500]
[2500]
[2500]
[2500]
[2500]
[2500]
[2500]
}
------
rightVec_4_61
{
[2500, 2500, 2450]
[2500]
[2500]
[2500, 2500, 2450]
[2500, 2500, 2450]
[2500]
[2500]
[2500]
[2500]
[2500, 2500, 2450]
[2500, 2500, 2450]
[2500]
[2500]
[2500]
[2500]
[2500, 2500, 2450]
[2500, 2500, 2450]
[2500, 2500, 2450]
[2500, 2500, 2450]
[2500]
[2500]
[2500]
[2500]
[2500]
[2500]
[2500]
[2500]
}
------
rightVec_4_62
{
[2500]
[2500]
[2500]
[2500]
[2500]
[2500]
[2500]
[2500]
[2500]
[2500]
[2500]
[2500]
[2500]
[2500]
[2500]
[2500]
[2500]
[2500]
[2500]
[2500]
[2500]
[2500]
[2500]
[2500]
[2500]
[2500]
[2500]
}
------
rightVec_4_63
{
[2500]
[2500]
[2500]
[2500]
[2500]
[2500]
[2500]
[2500]
[2500]
[2500]
[2500]
[2500]
[2500]
[2500]
[2500]
[2500]
[2500]
[2500]
[2500]
[2500]
[2500]
[2500]
[2500]
[2500]
[2500]
[2500]
[2500]
}
------
rightVec_5_0
{
[0]
[0]
[0]
[0]
[0]
[0]
[0]
[0]
[0]
[1000]
[500]
[1000]
[1000]
[500]
[500]
[1000]
[1000]
[500]
[500]
[1000]
[1000]
[1000]
[1000]
[500]
[500]
[500]
[500]
}
------
rightVec_5_1
{
[0]
[0]
[0]
[0]
[0]
[0]
[0]
[0]
[0]
[1000]
[500]
[1000]
[1000]
[500]
[500]
[1000]
[1000]
[500]
[500]
[1000]
[1000]
[1000]
[1000]
[500]
[500]
[500]
[500]
}
------
rightVec_5_2
{
[0]
[0]
[0]
[0]
[0]
[0]
[0]
[0]
[0]
[1000]
[500]
[1000]
[1000]
[500]
[500]
[1000]
[1000]
[500]
[500]
[1000]
[1000]
[1000]
[1000]
[500]
[500]
[500]
[500]
}
------
rightVec_5_3
{
[0]
[0]
[0]
[0]
[0]
[0]
[0]
[0]
[0]
[1000]
[500]
[1000]
[1000]
[500]
[500]
[1000]
[1000]
[500]
[500]
[1000]
[1000]
[1000]
[1000]
[500]
[500]
[500]
[500]
}
------
rightVec_5_4
{
[0]
[0]
[0]
[0]
[0]
[0]
[0]
[0]
[0]
[1000]
[500]
[1000]
[1000]
[500]
[500]
[1000]
[1000]
[500]
[500]
[1000]
[1000]
[1000]
[1000]
[500]
[500]
[500]
[500]
}
------
rightVec_5_5
{
[0]
[0, 0]
[0, 0]
[0, 0]
[0, 0]
[0]
[0]
[0]
[0]
[1000, 0, 0]
[500, 0, 0]
[1000, 1000]
[1000, 1000]
[500, 500]
[500, 500]
[1000, 1000]
[1000, 1000]
[500, 500]
[500, 500]
[1000]
[1000]
[1000]
[1000]
[500]
[500]
[500]
[500]
}
------
rightVec_5_6
{
[0]
[0]
[0]
[0]
[0]
[0]
[0]
[0]
[0]
[1000]
[500]
[1000]
[1000]
[500]
[500]
[1000]
[1000]
[500]
[500]
[1000]
[1000]
[1000]
[1000]
[500]
[500]
[500]
[500]
}
------
rightVec_5_7
{
[0, 0]
[0, 0]
[0, 0]
[0]
[0]
[0]
[0]
[0]
[0]
[1000, 1000]
[500, 500]
[1000, 1000]
[1000, 1000]
[500, 500]
[500, 500]
[1000]
[1000]
[500]
[500]
[1000]
[1000]
[1000]
[1000]
[500]
[500]
[500]
[500]
}
------
rightVec_5_8
{
[0]
[0]
[0]
[0]
[0]
[0]
[0]
[0]
[0]
[1000]
[500]
[1000]
[1000]
[500]
[500]
[1000]
[1000]
[500]
[500]
[1000]
[1000]
[1000]
[1000]
[500]
[500]
[500]
[500]
}
------
rightVec_5_9
{
[0]
[0]
[0]
[0]
[0]
[0]
[0]
[0]
[0]
[1000]
[500]
[1000]
[1000]
[500]
[500]
[1000]
[1000]
[500]
[500]
[1000]
[1000]
[1000]
[1000]
[500]
[500]
[500]
[500]
}
------
rightVec_5_10
{
[0]
[0]
[0]
[0]
[0]
[0]
[0]
[0]
[0]
[1000]
[500]
[1000]
[1000]
[500]
[500]
[1000]
[1000]
[500]
[500]
[1000]
[1000]
[1000]
[1000]
[500]
[500]
[500]
[500]
}
------
rightVec_5_11
{
[0]
[0]
[0]
[0]
[0]
[0]
[0]
[0]
[0]
[1000]
[500]
[1000]
[1000]
[500]
[500]
[1000]
[1000]
[500]
[500]
[1000]
[1000]
[1000]
[1000]
[500]
[500]
[500]
[500]
}
------
rightVec_5_12
{
[0]
[0]
[0]
[0]
[0]
[0]
[0]
[0]
[0]
[1000]
[500]
[1000]
[1000]
[500]
[500]
[1000]
[1000]
[500]
[500]
[1000]
[1000]
[1000]
[1000]
[500]
[500]
[500]
[500]
}
------
rightVec_5_13
{
[0, 0]
[0]
[0]
[0, 0]
[0, 0]
[0]
[0]
[0]
[0]
[1000, 1000]
[500, 500]
[1000]
[1000]
[500]
[500]
[1000, 1000]
[1000, 1000]
[500, 500]
[500, 500]
[1000]
[1000]
[1000]
[1000]
[500]
[500]
[500]
[500]
}
------
rightVec_5_14
{
[0]
[0]
[0]
[0]
[0]
[0]
[0]
[0]
[0]
[1000]
[500]
[1000]
[1000]
[500]
[500]
[1000]
[1000]
[500]
[500]
[1000]
[1000]
[1000]
[1000]
[500]
[500]
[500]
[500]
}
------
rightVec_5_15
{
[0]
[0]
[0]
[0]
[0]
[0]
[0]
[0]
[0]
[1000]
[500]
[1000]
[1000]
[500]
[500]
[1000]
[1000]
[500]
[500]
[1000]
[1000]
[1000]
[1000]
[500]
[500]
[500]
[500]
}
------
rightVec_5_16
{
[x_v3_16]
[x_v3_16]
[x_v3_16]
[x_v3_16]
[x_v3_16]
[x_v3_16]
[x_v3_16]
[x_v3_16]
[x_v3_16]
[1000]
[500]
[1000]
[1000]
[500]
[500]
[1000]
[1000]
[500]
[500]
[1000]
[1000]
[1000]
[1000]
[500]
[500]
[500]
[500]
}
------
rightVec_5_17
{
[x_v3_17]
[300, x_v3_16]
[800, x_v3_16]
[400, x_v3_17, x_v3_16]
[400, x_v3_17, x_v3_16]
[300, x_v3_16]
[800, x_v3_16]
[300, x_v3_16]
[800, x_v3_16]
[1000, x_v3_16]
[500, x_v3_16]
[1000]
[1000]
[500]
[500]
[1000, x_v3_16]
[1000, x_v3_16]
[500, x_v3_16]
[500, x_v3_16]
[1000]
[1000]
[1000]
[1000]
[500]
[500]
[500]
[500]
}
------
rightVec_5_18
{
[x_v3_16]
[x_v3_16]
[x_v3_16]
[x_v3_16]
[x_v3_16]
[x_v3_16]
[x_v3_16]
[x_v3_16]
[x_v3_16]
[1000]
[500]
[1000]
[1000]
[500]
[500]
[1000]
[1000]
[500]
[500]
[1000]
[1000]
[1000]
[1000]
[500]
[500]
[500]
[500]
}
------
rightVec_5_19
{
[300, x_v3_16]
[300, x_v3_16]
[300, x_v3_16]
[300, x_v3_16]
[300, x_v3_16]
[300, x_v3_16]
[300, x_v3_16]
[300, x_v3_16]
[300, x_v3_16]
[1000]
[500]
[1000]
[1000]
[500]
[500]
[1000]
[1000]
[500]
[500]
[1000]
[1000]
[1000]
[1000]
[500]
[500]
[500]
[500]
}
------
rightVec_5_20
{
[x_v3_20]
[300, x_v3_16, x_v3_20]
[800, x_v3_16, x_v3_20]
[400, x_v3_16]
[400, x_v3_16]
[400, x_v3_16]
[400, x_v3_16]
[400, x_v3_16]
[400, x_v3_16]
[1000, x_v3_16]
[500, x_v3_16]
[1000, x_v3_16]
[1000, x_v3_16]
[500, x_v3_16]
[500, x_v3_16]
[1000]
[1000]
[500]
[500]
[1000]
[1000]
[1000]
[1000]
[500]
[500]
[500]
[500]
}
------
rightVec_5_21
{
[x_v3_21]
[300, x_v3_17, x_v3_20]
[800, x_v3_17, x_v3_20]
[400, x_v3_17, x_v3_20]
[400, x_v3_17, x_v3_20]
[400, 400, x_v3_16]
[400, 400, x_v3_16]
[400, 400, x_v3_16]
[400, 400, x_v3_16]
[1000, x_v3_17, x_v3_20]
[500, x_v3_17, x_v3_20]
[1000, 1000, x_v3_16]
[1000, 1000, x_v3_16]
[500, 500, x_v3_16]
[500, 500, x_v3_16]
[1000, x_v3_16, 1000]
[1000, x_v3_16, 1000]
[500, x_v3_16, 500]
[500, x_v3_16, 500]
[1000]
[1000]
[1000]
[1000]
[500]
[500]
[500]
[500]
}
------
rightVec_5_22
{
[300, x_v3_16, x_v3_20]
[300, x_v3_16, x_v3_20]
[300, x_v3_16, x_v3_20]
[400, x_v3_16]
[400, x_v3_16]
[400, x_v3_16]
[400, x_v3_16]
[400, x_v3_16]
[400, x_v3_16]
[1000, x_v3_16]
[500, x_v3_16]
[1000, x_v3_16]
[1000, x_v3_16]
[500, x_v3_16]
[500, x_v3_16]
[1000]
[1000]
[500]
[500]
[1000]
[1000]
[1000]
[1000]
[500]
[500]
[500]
[500]
}
------
rightVec_5_23
{
[300, x_v3_17, x_v3_20]
[300, x_v3_17, x_v3_20]
[300, x_v3_17, x_v3_20]
[400, 400, x_v3_16]
[400, 400, x_v3_16]
[400, 400, x_v3_16]
[400, 400, x_v3_16]
[400, 400, x_v3_16]
[400, 400, x_v3_16]
[1000, 1000, x_v3_16]
[500, 500, x_v3_16]
[1000, 1000, x_v3_16]
[1000, 1000, x_v3_16]
[500, 500, x_v3_16]
[500, 500, x_v3_16]
[1000]
[1000]
[500]
[500]
[1000]
[1000]
[1000]
[1000]
[500]
[500]
[500]
[500]
}
------
rightVec_5_24
{
[x_v3_16]
[x_v3_16]
[x_v3_16]
[x_v3_16]
[x_v3_16]
[x_v3_16]
[x_v3_16]
[x_v3_16]
[x_v3_16]
[1000]
[500]
[1000]
[1000]
[500]
[500]
[1000]
[1000]
[500]
[500]
[1000]
[1000]
[1000]
[1000]
[500]
[500]
[500]
[500]
}
------
rightVec_5_25
{
[400, x_v3_17, x_v3_16]
[300, x_v3_16]
[800, x_v3_16]
[400, x_v3_17, x_v3_16]
[400, x_v3_17, x_v3_16]
[300, x_v3_16]
[800, x_v3_16]
[300, x_v3_16]
[800, x_v3_16]
[1000, x_v3_16]
[500, x_v3_16]
[1000]
[1000]
[500]
[500]
[1000, x_v3_16]
[1000, x_v3_16]
[500, x_v3_16]
[500, x_v3_16]
[1000]
[1000]
[1000]
[1000]
[500]
[500]
[500]
[500]
}
------
rightVec_5_26
{
[x_v3_16]
[x_v3_16]
[x_v3_16]
[x_v3_16]
[x_v3_16]
[x_v3_16]
[x_v3_16]
[x_v3_16]
[x_v3_16]
[1000]
[500]
[1000]
[1000]
[500]
[500]
[1000]
[1000]
[500]
[500]
[1000]
[1000]
[1000]
[1000]
[500]
[500]
[500]
[500]
}
------
rightVec_5_27
{
[300, x_v3_16]
[300, x_v3_16]
[300, x_v3_16]
[300, x_v3_16]
[300, x_v3_16]
[300, x_v3_16]
[300, x_v3_16]
[300, x_v3_16]
[300, x_v3_16]
[1000]
[500]
[1000]
[1000]
[500]
[500]
[1000]
[1000]
[500]
[500]
[1000]
[1000]
[1000]
[1000]
[500]
[500]
[500]
[500]
}
------
rightVec_5_28
{
[400, x_v3_16]
[400, x_v3_16]
[400, x_v3_16]
[400, x_v3_16]
[400, x_v3_16]
[400, x_v3_16]
[400, x_v3_16]
[400, x_v3_16]
[400, x_v3_16]
[1000]
[500]
[1000]
[1000]
[500]
[500]
[1000]
[1000]
[500]
[500]
[1000]
[1000]
[1000]
[1000]
[500]
[500]
[500]
[500]
}
------
rightVec_5_29
{
[400, x_v3_17, x_v3_20]
[400, 400, x_v3_16]
[400, 400, x_v3_16]
[400, x_v3_17, x_v3_20]
[400, x_v3_17, x_v3_20]
[400, 400, x_v3_16]
[400, 400, x_v3_16]
[400, 400, x_v3_16]
[400, 400, x_v3_16]
[1000, x_v3_16, 1000]
[500, x_v3_16, 500]
[1000]
[1000]
[500]
[500]
[1000, x_v3_16, 1000]
[1000, x_v3_16, 1000]
[500, x_v3_16, 500]
[500, x_v3_16, 500]
[1000]
[1000]
[1000]
[1000]
[500]
[500]
[500]
[500]
}
------
rightVec_5_30
{
[400, x_v3_16]
[400, x_v3_16]
[400, x_v3_16]
[400, x_v3_16]
[400, x_v3_16]
[400, x_v3_16]
[400, x_v3_16]
[400, x_v3_16]
[400, x_v3_16]
[1000]
[500]
[1000]
[1000]
[500]
[500]
[1000]
[1000]
[500]
[500]
[1000]
[1000]
[1000]
[1000]
[500]
[500]
[500]
[500]
}
------
rightVec_5_31
{
[400, 400, x_v3_16]
[400, 400, x_v3_16]
[400, 400, x_v3_16]
[400, 400, x_v3_16]
[400, 400, x_v3_16]
[400, 400, x_v3_16]
[400, 400, x_v3_16]
[400, 400, x_v3_16]
[400, 400, x_v3_16]
[1000]
[500]
[1000]
[1000]
[500]
[500]
[1000]
[1000]
[500]
[500]
[1000]
[1000]
[1000]
[1000]
[500]
[500]
[500]
[500]
}
------
rightVec_5_32
{
[850]
[850]
[850]
[850]
[850]
[850]
[850]
[850]
[850]
[850]
[850]
[850]
[850]
[850]
[850]
[850]
[850]
[850]
[850]
[850]
[850]
[850]
[850]
[850]
[850]
[850]
[850]
}
------
rightVec_5_33
{
[850]
[850]
[850]
[850]
[850]
[850]
[850]
[850]
[850]
[850]
[850]
[850]
[850]
[850]
[850]
[850]
[850]
[850]
[850]
[850]
[850]
[850]
[850]
[850]
[850]
[850]
[850]
}
------
rightVec_5_34
{
[850]
[850]
[850]
[850]
[850]
[850]
[850]
[850]
[850]
[850]
[850]
[850]
[850]
[850]
[850]
[850]
[850]
[850]
[850]
[850]
[850]
[850]
[850]
[850]
[850]
[850]
[850]
}
------
rightVec_5_35
{
[850]
[850]
[850]
[850]
[850]
[850]
[850]
[850]
[850]
[850]
[850]
[850]
[850]
[850]
[850]
[850]
[850]
[850]
[850]
[850]
[850]
[850]
[850]
[850]
[850]
[850]
[850]
}
------
rightVec_5_36
{
[850]
[850]
[850]
[850]
[850]
[850]
[850]
[850]
[850]
[850]
[850]
[850]
[850]
[850]
[850]
[850]
[850]
[850]
[850]
[850]
[850]
[850]
[850]
[850]
[850]
[850]
[850]
}
------
rightVec_5_37
{
[850, 0, 0]
[850, 850]
[850, 850]
[850, 850]
[850, 850]
[850]
[850]
[850]
[850]
[850, 0, 0]
[850, 0, 0]
[850, 850]
[850, 850]
[850, 850]
[850, 850]
[850, 850]
[850, 850]
[850, 850]
[850, 850]
[850]
[850]
[850]
[850]
[850]
[850]
[850]
[850]
}
------
rightVec_5_38
{
[850]
[850]
[850]
[850]
[850]
[850]
[850]
[850]
[850]
[850]
[850]
[850]
[850]
[850]
[850]
[850]
[850]
[850]
[850]
[850]
[850]
[850]
[850]
[850]
[850]
[850]
[850]
}
------
rightVec_5_39
{
[850, 850]
[850, 850]
[850, 850]
[850]
[850]
[850]
[850]
[850]
[850]
[850, 850]
[850, 850]
[850, 850]
[850, 850]
[850, 850]
[850, 850]
[850]
[850]
[850]
[850]
[850]
[850]
[850]
[850]
[850]
[850]
[850]
[850]
}
------
rightVec_5_40
{
[850]
[850]
[850]
[850]
[850]
[850]
[850]
[850]
[850]
[850]
[850]
[850]
[850]
[850]
[850]
[850]
[850]
[850]
[850]
[850]
[850]
[850]
[850]
[850]
[850]
[850]
[850]
}
------
rightVec_5_41
{
[850]
[850]
[850]
[850]
[850]
[850]
[850]
[850]
[850]
[850]
[850]
[850]
[850]
[850]
[850]
[850]
[850]
[850]
[850]
[850]
[850]
[850]
[850]
[850]
[850]
[850]
[850]
}
------
rightVec_5_42
{
[850]
[850]
[850]
[850]
[850]
[850]
[850]
[850]
[850]
[850]
[850]
[850]
[850]
[850]
[850]
[850]
[850]
[850]
[850]
[850]
[850]
[850]
[850]
[850]
[850]
[850]
[850]
}
------
rightVec_5_43
{
[850]
[850]
[850]
[850]
[850]
[850]
[850]
[850]
[850]
[850]
[850]
[850]
[850]
[850]
[850]
[850]
[850]
[850]
[850]
[850]
[850]
[850]
[850]
[850]
[850]
[850]
[850]
}
------
rightVec_5_44
{
[850]
[850]
[850]
[850]
[850]
[850]
[850]
[850]
[850]
[850]
[850]
[850]
[850]
[850]
[850]
[850]
[850]
[850]
[850]
[850]
[850]
[850]
[850]
[850]
[850]
[850]
[850]
}
------
rightVec_5_45
{
[850, 850]
[850]
[850]
[850, 850]
[850, 850]
[850]
[850]
[850]
[850]
[850, 850]
[850, 850]
[850]
[850]
[850]
[850]
[850, 850]
[850, 850]
[850, 850]
[850, 850]
[850]
[850]
[850]
[850]
[850]
[850]
[850]
[850]
}
------
rightVec_5_46
{
[850]
[850]
[850]
[850]
[850]
[850]
[850]
[850]
[850]
[850]
[850]
[850]
[850]
[850]
[850]
[850]
[850]
[850]
[850]
[850]
[850]
[850]
[850]
[850]
[850]
[850]
[850]
}
------
rightVec_5_47
{
[850]
[850]
[850]
[850]
[850]
[850]
[850]
[850]
[850]
[850]
[850]
[850]
[850]
[850]
[850]
[850]
[850]
[850]
[850]
[850]
[850]
[850]
[850]
[850]
[850]
[850]
[850]
}
------
rightVec_5_48
{
[850]
[850]
[850]
[850]
[850]
[850]
[850]
[850]
[850]
[850]
[850]
[850]
[850]
[850]
[850]
[850]
[850]
[850]
[850]
[850]
[850]
[850]
[850]
[850]
[850]
[850]
[850]
}
------
rightVec_5_49
{
[850, x_v3_16]
[850]
[850]
[850, x_v3_16]
[850, x_v3_16]
[850]
[850]
[850]
[850]
[850, x_v3_16]
[850, x_v3_16]
[850]
[850]
[850]
[850]
[850, x_v3_16]
[850, x_v3_16]
[850, x_v3_16]
[850, x_v3_16]
[850]
[850]
[850]
[850]
[850]
[850]
[850]
[850]
}
------
rightVec_5_50
{
[850]
[850]
[850]
[850]
[850]
[850]
[850]
[850]
[850]
[850]
[850]
[850]
[850]
[850]
[850]
[850]
[850]
[850]
[850]
[850]
[850]
[850]
[850]
[850]
[850]
[850]
[850]
}
------
rightVec_5_51
{
[850]
[850]
[850]
[850]
[850]
[850]
[850]
[850]
[850]
[850]
[850]
[850]
[850]
[850]
[850]
[850]
[850]
[850]
[850]
[850]
[850]
[850]
[850]
[850]
[850]
[850]
[850]
}
------
rightVec_5_52
{
[850, x_v3_16]
[850, x_v3_16]
[850, x_v3_16]
[850]
[850]
[850]
[850]
[850]
[850]
[850, x_v3_16]
[850, x_v3_16]
[850, x_v3_16]
[850, x_v3_16]
[850, x_v3_16]
[850, x_v3_16]
[850]
[850]
[850]
[850]
[850]
[850]
[850]
[850]
[850]
[850]
[850]
[850]
}
------
rightVec_5_53
{
[850, x_v3_17, x_v3_20]
[850, 850, x_v3_16]
[850, 850, x_v3_16]
[850, x_v3_16, 850]
[850, x_v3_16, 850]
[850]
[850]
[850]
[850]
[850, x_v3_17, x_v3_20]
[850, x_v3_17, x_v3_20]
[850, 850, x_v3_16]
[850, 850, x_v3_16]
[850, 850, x_v3_16]
[850, 850, x_v3_16]
[850, x_v3_16, 850]
[850, x_v3_16, 850]
[850, x_v3_16, 850]
[850, x_v3_16, 850]
[850]
[850]
[850]
[850]
[850]
[850]
[850]
[850]
}
------
rightVec_5_54
{
[850, x_v3_16]
[850, x_v3_16]
[850, x_v3_16]
[850]
[850]
[850]
[850]
[850]
[850]
[850, x_v3_16]
[850, x_v3_16]
[850, x_v3_16]
[850, x_v3_16]
[850, x_v3_16]
[850, x_v3_16]
[850]
[850]
[850]
[850]
[850]
[850]
[850]
[850]
[850]
[850]
[850]
[850]
}
------
rightVec_5_55
{
[850, 850, x_v3_16]
[850, 850, x_v3_16]
[850, 850, x_v3_16]
[850]
[850]
[850]
[850]
[850]
[850]
[850, 850, x_v3_16]
[850, 850, x_v3_16]
[850, 850, x_v3_16]
[850, 850, x_v3_16]
[850, 850, x_v3_16]
[850, 850, x_v3_16]
[850]
[850]
[850]
[850]
[850]
[850]
[850]
[850]
[850]
[850]
[850]
[850]
}
------
rightVec_5_56
{
[850]
[850]
[850]
[850]
[850]
[850]
[850]
[850]
[850]
[850]
[850]
[850]
[850]
[850]
[850]
[850]
[850]
[850]
[850]
[850]
[850]
[850]
[850]
[850]
[850]
[850]
[850]
}
------
rightVec_5_57
{
[850, x_v3_16]
[850]
[850]
[850, x_v3_16]
[850, x_v3_16]
[850]
[850]
[850]
[850]
[850, x_v3_16]
[850, x_v3_16]
[850]
[850]
[850]
[850]
[850, x_v3_16]
[850, x_v3_16]
[850, x_v3_16]
[850, x_v3_16]
[850]
[850]
[850]
[850]
[850]
[850]
[850]
[850]
}
------
rightVec_5_58
{
[850]
[850]
[850]
[850]
[850]
[850]
[850]
[850]
[850]
[850]
[850]
[850]
[850]
[850]
[850]
[850]
[850]
[850]
[850]
[850]
[850]
[850]
[850]
[850]
[850]
[850]
[850]
}
------
rightVec_5_59
{
[850]
[850]
[850]
[850]
[850]
[850]
[850]
[850]
[850]
[850]
[850]
[850]
[850]
[850]
[850]
[850]
[850]
[850]
[850]
[850]
[850]
[850]
[850]
[850]
[850]
[850]
[850]
}
------
rightVec_5_60
{
[850]
[850]
[850]
[850]
[850]
[850]
[850]
[850]
[850]
[850]
[850]
[850]
[850]
[850]
[850]
[850]
[850]
[850]
[850]
[850]
[850]
[850]
[850]
[850]
[850]
[850]
[850]
}
------
rightVec_5_61
{
[850, x_v3_16, 850]
[850]
[850]
[850, x_v3_16, 850]
[850, x_v3_16, 850]
[850]
[850]
[850]
[850]
[850, x_v3_16, 850]
[850, x_v3_16, 850]
[850]
[850]
[850]
[850]
[850, x_v3_16, 850]
[850, x_v3_16, 850]
[850, x_v3_16, 850]
[850, x_v3_16, 850]
[850]
[850]
[850]
[850]
[850]
[850]
[850]
[850]
}
------
rightVec_5_62
{
[850]
[850]
[850]
[850]
[850]
[850]
[850]
[850]
[850]
[850]
[850]
[850]
[850]
[850]
[850]
[850]
[850]
[850]
[850]
[850]
[850]
[850]
[850]
[850]
[850]
[850]
[850]
}
------
rightVec_5_63
{
[850]
[850]
[850]
[850]
[850]
[850]
[850]
[850]
[850]
[850]
[850]
[850]
[850]
[850]
[850]
[850]
[850]
[850]
[850]
[850]
[850]
[850]
[850]
[850]
[850]
[850]
[850]
}
------
rightVec_6_0
{
[0]
[0]
[0]
[0]
[0]
[0]
[0]
[0]
[0]
[950]
[950]
[950]
[950]
[950]
[950]
[950]
[950]
[950]
[950]
[950]
[950]
[950]
[950]
[950]
[950]
[950]
[950]
}
------
rightVec_6_1
{
[0]
[0]
[0]
[0]
[0]
[0]
[0]
[0]
[0]
[950]
[950]
[950]
[950]
[950]
[950]
[950]
[950]
[950]
[950]
[950]
[950]
[950]
[950]
[950]
[950]
[950]
[950]
}
------
rightVec_6_2
{
[0]
[0]
[0]
[0]
[0]
[0]
[0]
[0]
[0]
[950]
[950]
[950]
[950]
[950]
[950]
[950]
[950]
[950]
[950]
[950]
[950]
[950]
[950]
[950]
[950]
[950]
[950]
}
------
rightVec_6_3
{
[0]
[0]
[0]
[0]
[0]
[0]
[0]
[0]
[0]
[950]
[950]
[950]
[950]
[950]
[950]
[950]
[950]
[950]
[950]
[950]
[950]
[950]
[950]
[950]
[950]
[950]
[950]
}
------
rightVec_6_4
{
[0]
[0]
[0]
[0]
[0]
[0]
[0]
[0]
[0]
[950]
[950]
[950]
[950]
[950]
[950]
[950]
[950]
[950]
[950]
[950]
[950]
[950]
[950]
[950]
[950]
[950]
[950]
}
------
rightVec_6_5
{
[0]
[0, 0]
[0, 0]
[0, 0]
[0, 0]
[0]
[0]
[0]
[0]
[950, 990, 980]
[950, 990, 980]
[950, 950]
[950, 950]
[950, 950]
[950, 950]
[950, 950]
[950, 950]
[950, 950]
[950, 950]
[950]
[950]
[950]
[950]
[950]
[950]
[950]
[950]
}
------
rightVec_6_6
{
[0]
[0]
[0]
[0]
[0]
[0]
[0]
[0]
[0]
[950]
[950]
[950]
[950]
[950]
[950]
[950]
[950]
[950]
[950]
[950]
[950]
[950]
[950]
[950]
[950]
[950]
[950]
}
------
rightVec_6_7
{
[0, 0]
[0, 0]
[0, 0]
[0]
[0]
[0]
[0]
[0]
[0]
[950, 950]
[950, 950]
[950, 950]
[950, 950]
[950, 950]
[950, 950]
[950]
[950]
[950]
[950]
[950]
[950]
[950]
[950]
[950]
[950]
[950]
[950]
}
------
rightVec_6_8
{
[0]
[0]
[0]
[0]
[0]
[0]
[0]
[0]
[0]
[950]
[950]
[950]
[950]
[950]
[950]
[950]
[950]
[950]
[950]
[950]
[950]
[950]
[950]
[950]
[950]
[950]
[950]
}
------
rightVec_6_9
{
[0]
[0]
[0]
[0]
[0]
[0]
[0]
[0]
[0]
[950]
[950]
[950]
[950]
[950]
[950]
[950]
[950]
[950]
[950]
[950]
[950]
[950]
[950]
[950]
[950]
[950]
[950]
}
------
rightVec_6_10
{
[0]
[0]
[0]
[0]
[0]
[0]
[0]
[0]
[0]
[950]
[950]
[950]
[950]
[950]
[950]
[950]
[950]
[950]
[950]
[950]
[950]
[950]
[950]
[950]
[950]
[950]
[950]
}
------
rightVec_6_11
{
[0]
[0]
[0]
[0]
[0]
[0]
[0]
[0]
[0]
[950]
[950]
[950]
[950]
[950]
[950]
[950]
[950]
[950]
[950]
[950]
[950]
[950]
[950]
[950]
[950]
[950]
[950]
}
------
rightVec_6_12
{
[0]
[0]
[0]
[0]
[0]
[0]
[0]
[0]
[0]
[950]
[950]
[950]
[950]
[950]
[950]
[950]
[950]
[950]
[950]
[950]
[950]
[950]
[950]
[950]
[950]
[950]
[950]
}
------
rightVec_6_13
{
[0, 0]
[0]
[0]
[0, 0]
[0, 0]
[0]
[0]
[0]
[0]
[950, 950]
[950, 950]
[950]
[950]
[950]
[950]
[950, 950]
[950, 950]
[950, 950]
[950, 950]
[950]
[950]
[950]
[950]
[950]
[950]
[950]
[950]
}
------
rightVec_6_14
{
[0]
[0]
[0]
[0]
[0]
[0]
[0]
[0]
[0]
[950]
[950]
[950]
[950]
[950]
[950]
[950]
[950]
[950]
[950]
[950]
[950]
[950]
[950]
[950]
[950]
[950]
[950]
}
------
rightVec_6_15
{
[0]
[0]
[0]
[0]
[0]
[0]
[0]
[0]
[0]
[950]
[950]
[950]
[950]
[950]
[950]
[950]
[950]
[950]
[950]
[950]
[950]
[950]
[950]
[950]
[950]
[950]
[950]
}
------
rightVec_6_16
{
[0]
[0]
[0]
[0]
[0]
[0]
[0]
[0]
[0]
[1000]
[1000]
[1000]
[1000]
[1000]
[1000]
[1000]
[1000]
[1000]
[1000]
[1000]
[1000]
[1000]
[1000]
[1000]
[1000]
[1000]
[1000]
}
------
rightVec_6_17
{
[0]
[0, 0]
[0, 0]
[0, 0, 0]
[0, 0, 0]
[0, 0]
[0, 0]
[0, 0]
[0, 0]
[1000, 980]
[1000, 980]
[1000]
[1000]
[1000]
[1000]
[1000, 970]
[1000, 970]
[1000, 970]
[1000, 970]
[1000]
[1000]
[1000]
[1000]
[1000]
[1000]
[1000]
[1000]
}
------
rightVec_6_18
{
[0]
[0]
[0]
[0]
[0]
[0]
[0]
[0]
[0]
[1000]
[1000]
[1000]
[1000]
[1000]
[1000]
[1000]
[1000]
[1000]
[1000]
[1000]
[1000]
[1000]
[1000]
[1000]
[1000]
[1000]
[1000]
}
------
rightVec_6_19
{
[0, 0]
[0, 0]
[0, 0]
[0, 0]
[0, 0]
[0, 0]
[0, 0]
[0, 0]
[0, 0]
[1000]
[1000]
[1000]
[1000]
[1000]
[1000]
[1000]
[1000]
[1000]
[1000]
[1000]
[1000]
[1000]
[1000]
[1000]
[1000]
[1000]
[1000]
}
------
rightVec_6_20
{
[0]
[0, 0, 0]
[0, 0, 0]
[0, 0]
[0, 0]
[0, 0]
[0, 0]
[0, 0]
[0, 0]
[1000, 990]
[1000, 990]
[1000, 990]
[1000, 990]
[1000, 990]
[1000, 990]
[1000]
[1000]
[1000]
[1000]
[1000]
[1000]
[1000]
[1000]
[1000]
[1000]
[1000]
[1000]
}
------
rightVec_6_21
{
[0]
[0, 0, 0]
[0, 0, 0]
[0, 0, 0]
[0, 0, 0]
[0, 0, 0]
[0, 0, 0]
[0, 0, 0]
[0, 0, 0]
[1000, 990, 980]
[1000, 990, 980]
[1000, 1000, 990]
[1000, 1000, 990]
[1000, 1000, 990]
[1000, 1000, 990]
[1000, 980, 1000]
[1000, 980, 1000]
[1000, 980, 1000]
[1000, 980, 1000]
[1000]
[1000]
[1000]
[1000]
[1000]
[1000]
[1000]
[1000]
}
------
rightVec_6_22
{
[0, 0, 0]
[0, 0, 0]
[0, 0, 0]
[0, 0]
[0, 0]
[0, 0]
[0, 0]
[0, 0]
[0, 0]
[1000, 990]
[1000, 990]
[1000, 990]
[1000, 990]
[1000, 990]
[1000, 990]
[1000]
[1000]
[1000]
[1000]
[1000]
[1000]
[1000]
[1000]
[1000]
[1000]
[1000]
[1000]
}
------
rightVec_6_23
{
[0, 0, 0]
[0, 0, 0]
[0, 0, 0]
[0, 0, 0]
[0, 0, 0]
[0, 0, 0]
[0, 0, 0]
[0, 0, 0]
[0, 0, 0]
[1000, 1000, 990]
[1000, 1000, 990]
[1000, 1000, 990]
[1000, 1000, 990]
[1000, 1000, 990]
[1000, 1000, 990]
[1000]
[1000]
[1000]
[1000]
[1000]
[1000]
[1000]
[1000]
[1000]
[1000]
[1000]
[1000]
}
------
rightVec_6_24
{
[0]
[0]
[0]
[0]
[0]
[0]
[0]
[0]
[0]
[1000]
[1000]
[1000]
[1000]
[1000]
[1000]
[1000]
[1000]
[1000]
[1000]
[1000]
[1000]
[1000]
[1000]
[1000]
[1000]
[1000]
[1000]
}
------
rightVec_6_25
{
[0, 0, 0]
[0, 0]
[0, 0]
[0, 0, 0]
[0, 0, 0]
[0, 0]
[0, 0]
[0, 0]
[0, 0]
[1000, 970]
[1000, 970]
[1000]
[1000]
[1000]
[1000]
[1000, 970]
[1000, 970]
[1000, 970]
[1000, 970]
[1000]
[1000]
[1000]
[1000]
[1000]
[1000]
[1000]
[1000]
}
------
rightVec_6_26
{
[0]
[0]
[0]
[0]
[0]
[0]
[0]
[0]
[0]
[1000]
[1000]
[1000]
[1000]
[1000]
[1000]
[1000]
[1000]
[1000]
[1000]
[1000]
[1000]
[1000]
[1000]
[1000]
[1000]
[1000]
[1000]
}
------
rightVec_6_27
{
[0, 0]
[0, 0]
[0, 0]
[0, 0]
[0, 0]
[0, 0]
[0, 0]
[0, 0]
[0, 0]
[1000]
[1000]
[1000]
[1000]
[1000]
[1000]
[1000]
[1000]
[1000]
[1000]
[1000]
[1000]
[1000]
[1000]
[1000]
[1000]
[1000]
[1000]
}
------
rightVec_6_28
{
[0, 0]
[0, 0]
[0, 0]
[0, 0]
[0, 0]
[0, 0]
[0, 0]
[0, 0]
[0, 0]
[1000]
[1000]
[1000]
[1000]
[1000]
[1000]
[1000]
[1000]
[1000]
[1000]
[1000]
[1000]
[1000]
[1000]
[1000]
[1000]
[1000]
[1000]
}
------
rightVec_6_29
{
[0, 0, 0]
[0, 0, 0]
[0, 0, 0]
[0, 0, 0]
[0, 0, 0]
[0, 0, 0]
[0, 0, 0]
[0, 0, 0]
[0, 0, 0]
[1000, 980, 1000]
[1000, 980, 1000]
[1000]
[1000]
[1000]
[1000]
[1000, 980, 1000]
[1000, 980, 1000]
[1000, 980, 1000]
[1000, 980, 1000]
[1000]
[1000]
[1000]
[1000]
[1000]
[1000]
[1000]
[1000]
}
------
rightVec_6_30
{
[0, 0]
[0, 0]
[0, 0]
[0, 0]
[0, 0]
[0, 0]
[0, 0]
[0, 0]
[0, 0]
[1000]
[1000]
[1000]
[1000]
[1000]
[1000]
[1000]
[1000]
[1000]
[1000]
[1000]
[1000]
[1000]
[1000]
[1000]
[1000]
[1000]
[1000]
}
------
rightVec_6_31
{
[0, 0, 0]
[0, 0, 0]
[0, 0, 0]
[0, 0, 0]
[0, 0, 0]
[0, 0, 0]
[0, 0, 0]
[0, 0, 0]
[0, 0, 0]
[1000]
[1000]
[1000]
[1000]
[1000]
[1000]
[1000]
[1000]
[1000]
[1000]
[1000]
[1000]
[1000]
[1000]
[1000]
[1000]
[1000]
[1000]
}
------
rightVec_6_32
{
[950]
[950]
[950]
[950]
[950]
[950]
[950]
[950]
[950]
[950]
[950]
[950]
[950]
[950]
[950]
[950]
[950]
[950]
[950]
[950]
[950]
[950]
[950]
[950]
[950]
[950]
[950]
}
------
rightVec_6_33
{
[950]
[950]
[950]
[950]
[950]
[950]
[950]
[950]
[950]
[950]
[950]
[950]
[950]
[950]
[950]
[950]
[950]
[950]
[950]
[950]
[950]
[950]
[950]
[950]
[950]
[950]
[950]
}
------
rightVec_6_34
{
[950]
[950]
[950]
[950]
[950]
[950]
[950]
[950]
[950]
[950]
[950]
[950]
[950]
[950]
[950]
[950]
[950]
[950]
[950]
[950]
[950]
[950]
[950]
[950]
[950]
[950]
[950]
}
------
rightVec_6_35
{
[950]
[950]
[950]
[950]
[950]
[950]
[950]
[950]
[950]
[950]
[950]
[950]
[950]
[950]
[950]
[950]
[950]
[950]
[950]
[950]
[950]
[950]
[950]
[950]
[950]
[950]
[950]
}
------
rightVec_6_36
{
[950]
[950]
[950]
[950]
[950]
[950]
[950]
[950]
[950]
[950]
[950]
[950]
[950]
[950]
[950]
[950]
[950]
[950]
[950]
[950]
[950]
[950]
[950]
[950]
[950]
[950]
[950]
}
------
rightVec_6_37
{
[950, 990, 980]
[950, 950]
[950, 950]
[950, 950]
[950, 950]
[950]
[950]
[950]
[950]
[950, 990, 980]
[950, 990, 980]
[950, 950]
[950, 950]
[950, 950]
[950, 950]
[950, 950]
[950, 950]
[950, 950]
[950, 950]
[950]
[950]
[950]
[950]
[950]
[950]
[950]
[950]
}
------
rightVec_6_38
{
[950]
[950]
[950]
[950]
[950]
[950]
[950]
[950]
[950]
[950]
[950]
[950]
[950]
[950]
[950]
[950]
[950]
[950]
[950]
[950]
[950]
[950]
[950]
[950]
[950]
[950]
[950]
}
------
rightVec_6_39
{
[950, 950]
[950, 950]
[950, 950]
[950]
[950]
[950]
[950]
[950]
[950]
[950, 950]
[950, 950]
[950, 950]
[950, 950]
[950, 950]
[950, 950]
[950]
[950]
[950]
[950]
[950]
[950]
[950]
[950]
[950]
[950]
[950]
[950]
}
------
rightVec_6_40
{
[950]
[950]
[950]
[950]
[950]
[950]
[950]
[950]
[950]
[950]
[950]
[950]
[950]
[950]
[950]
[950]
[950]
[950]
[950]
[950]
[950]
[950]
[950]
[950]
[950]
[950]
[950]
}
------
rightVec_6_41
{
[950]
[950]
[950]
[950]
[950]
[950]
[950]
[950]
[950]
[950]
[950]
[950]
[950]
[950]
[950]
[950]
[950]
[950]
[950]
[950]
[950]
[950]
[950]
[950]
[950]
[950]
[950]
}
------
rightVec_6_42
{
[950]
[950]
[950]
[950]
[950]
[950]
[950]
[950]
[950]
[950]
[950]
[950]
[950]
[950]
[950]
[950]
[950]
[950]
[950]
[950]
[950]
[950]
[950]
[950]
[950]
[950]
[950]
}
------
rightVec_6_43
{
[950]
[950]
[950]
[950]
[950]
[950]
[950]
[950]
[950]
[950]
[950]
[950]
[950]
[950]
[950]
[950]
[950]
[950]
[950]
[950]
[950]
[950]
[950]
[950]
[950]
[950]
[950]
}
------
rightVec_6_44
{
[950]
[950]
[950]
[950]
[950]
[950]
[950]
[950]
[950]
[950]
[950]
[950]
[950]
[950]
[950]
[950]
[950]
[950]
[950]
[950]
[950]
[950]
[950]
[950]
[950]
[950]
[950]
}
------
rightVec_6_45
{
[950, 950]
[950]
[950]
[950, 950]
[950, 950]
[950]
[950]
[950]
[950]
[950, 950]
[950, 950]
[950]
[950]
[950]
[950]
[950, 950]
[950, 950]
[950, 950]
[950, 950]
[950]
[950]
[950]
[950]
[950]
[950]
[950]
[950]
}
------
rightVec_6_46
{
[950]
[950]
[950]
[950]
[950]
[950]
[950]
[950]
[950]
[950]
[950]
[950]
[950]
[950]
[950]
[950]
[950]
[950]
[950]
[950]
[950]
[950]
[950]
[950]
[950]
[950]
[950]
}
------
rightVec_6_47
{
[950]
[950]
[950]
[950]
[950]
[950]
[950]
[950]
[950]
[950]
[950]
[950]
[950]
[950]
[950]
[950]
[950]
[950]
[950]
[950]
[950]
[950]
[950]
[950]
[950]
[950]
[950]
}
------
rightVec_6_48
{
[1000]
[1000]
[1000]
[1000]
[1000]
[1000]
[1000]
[1000]
[1000]
[1000]
[1000]
[1000]
[1000]
[1000]
[1000]
[1000]
[1000]
[1000]
[1000]
[1000]
[1000]
[1000]
[1000]
[1000]
[1000]
[1000]
[1000]
}
------
rightVec_6_49
{
[1000, 980]
[1000]
[1000]
[1000, 970]
[1000, 970]
[1000]
[1000]
[1000]
[1000]
[1000, 980]
[1000, 980]
[1000]
[1000]
[1000]
[1000]
[1000, 970]
[1000, 970]
[1000, 970]
[1000, 970]
[1000]
[1000]
[1000]
[1000]
[1000]
[1000]
[1000]
[1000]
}
------
rightVec_6_50
{
[1000]
[1000]
[1000]
[1000]
[1000]
[1000]
[1000]
[1000]
[1000]
[1000]
[1000]
[1000]
[1000]
[1000]
[1000]
[1000]
[1000]
[1000]
[1000]
[1000]
[1000]
[1000]
[1000]
[1000]
[1000]
[1000]
[1000]
}
------
rightVec_6_51
{
[1000]
[1000]
[1000]
[1000]
[1000]
[1000]
[1000]
[1000]
[1000]
[1000]
[1000]
[1000]
[1000]
[1000]
[1000]
[1000]
[1000]
[1000]
[1000]
[1000]
[1000]
[1000]
[1000]
[1000]
[1000]
[1000]
[1000]
}
------
rightVec_6_52
{
[1000, 990]
[1000, 990]
[1000, 990]
[1000]
[1000]
[1000]
[1000]
[1000]
[1000]
[1000, 990]
[1000, 990]
[1000, 990]
[1000, 990]
[1000, 990]
[1000, 990]
[1000]
[1000]
[1000]
[1000]
[1000]
[1000]
[1000]
[1000]
[1000]
[1000]
[1000]
[1000]
}
------
rightVec_6_53
{
[1000, 990, 980]
[1000, 1000, 990]
[1000, 1000, 990]
[1000, 980, 1000]
[1000, 980, 1000]
[1000]
[1000]
[1000]
[1000]
[1000, 990, 980]
[1000, 990, 980]
[1000, 1000, 990]
[1000, 1000, 990]
[1000, 1000, 990]
[1000, 1000, 990]
[1000, 980, 1000]
[1000, 980, 1000]
[1000, 980, 1000]
[1000, 980, 1000]
[1000]
[1000]
[1000]
[1000]
[1000]
[1000]
[1000]
[1000]
}
------
rightVec_6_54
{
[1000, 990]
[1000, 990]
[1000, 990]
[1000]
[1000]
[1000]
[1000]
[1000]
[1000]
[1000, 990]
[1000, 990]
[1000, 990]
[1000, 990]
[1000, 990]
[1000, 990]
[1000]
[1000]
[1000]
[1000]
[1000]
[1000]
[1000]
[1000]
[1000]
[1000]
[1000]
[1000]
}
------
rightVec_6_55
{
[1000, 1000, 990]
[1000, 1000, 990]
[1000, 1000, 990]
[1000]
[1000]
[1000]
[1000]
[1000]
[1000]
[1000, 1000, 990]
[1000, 1000, 990]
[1000, 1000, 990]
[1000, 1000, 990]
[1000, 1000, 990]
[1000, 1000, 990]
[1000]
[1000]
[1000]
[1000]
[1000]
[1000]
[1000]
[1000]
[1000]
[1000]
[1000]
[1000]
}
------
rightVec_6_56
{
[1000]
[1000]
[1000]
[1000]
[1000]
[1000]
[1000]
[1000]
[1000]
[1000]
[1000]
[1000]
[1000]
[1000]
[1000]
[1000]
[1000]
[1000]
[1000]
[1000]
[1000]
[1000]
[1000]
[1000]
[1000]
[1000]
[1000]
}
------
rightVec_6_57
{
[1000, 970]
[1000]
[1000]
[1000, 970]
[1000, 970]
[1000]
[1000]
[1000]
[1000]
[1000, 970]
[1000, 970]
[1000]
[1000]
[1000]
[1000]
[1000, 970]
[1000, 970]
[1000, 970]
[1000, 970]
[1000]
[1000]
[1000]
[1000]
[1000]
[1000]
[1000]
[1000]
}
------
rightVec_6_58
{
[1000]
[1000]
[1000]
[1000]
[1000]
[1000]
[1000]
[1000]
[1000]
[1000]
[1000]
[1000]
[1000]
[1000]
[1000]
[1000]
[1000]
[1000]
[1000]
[1000]
[1000]
[1000]
[1000]
[1000]
[1000]
[1000]
[1000]
}
------
rightVec_6_59
{
[1000]
[1000]
[1000]
[1000]
[1000]
[1000]
[1000]
[1000]
[1000]
[1000]
[1000]
[1000]
[1000]
[1000]
[1000]
[1000]
[1000]
[1000]
[1000]
[1000]
[1000]
[1000]
[1000]
[1000]
[1000]
[1000]
[1000]
}
------
rightVec_6_60
{
[1000]
[1000]
[1000]
[1000]
[1000]
[1000]
[1000]
[1000]
[1000]
[1000]
[1000]
[1000]
[1000]
[1000]
[1000]
[1000]
[1000]
[1000]
[1000]
[1000]
[1000]
[1000]
[1000]
[1000]
[1000]
[1000]
[1000]
}
------
rightVec_6_61
{
[1000, 980, 1000]
[1000]
[1000]
[1000, 980, 1000]
[1000, 980, 1000]
[1000]
[1000]
[1000]
[1000]
[1000, 980, 1000]
[1000, 980, 1000]
[1000]
[1000]
[1000]
[1000]
[1000, 980, 1000]
[1000, 980, 1000]
[1000, 980, 1000]
[1000, 980, 1000]
[1000]
[1000]
[1000]
[1000]
[1000]
[1000]
[1000]
[1000]
}
------
rightVec_6_62
{
[1000]
[1000]
[1000]
[1000]
[1000]
[1000]
[1000]
[1000]
[1000]
[1000]
[1000]
[1000]
[1000]
[1000]
[1000]
[1000]
[1000]
[1000]
[1000]
[1000]
[1000]
[1000]
[1000]
[1000]
[1000]
[1000]
[1000]
}
------
rightVec_6_63
{
[1000]
[1000]
[1000]
[1000]
[1000]
[1000]
[1000]
[1000]
[1000]
[1000]
[1000]
[1000]
[1000]
[1000]
[1000]
[1000]
[1000]
[1000]
[1000]
[1000]
[1000]
[1000]
[1000]
[1000]
[1000]
[1000]
[1000]
}
